county,totalcountconfirmed,totalcountdeaths,newcountconfirmed,newcountdeaths,date
Santa Clara,151.0,6.0,151,6,2020-03-18
Santa Clara,183.0,8.0,32,2,2020-03-19
Santa Clara,246.0,8.0,63,0,2020-03-20
Santa Clara,269.0,10.0,23,2,2020-03-21
Santa Clara,284.0,13.0,15,3,2020-03-22
Santa Clara,336.0,13.0,52,0,2020-03-23
Santa Clara,389.0,17.0,53,4,2020-03-24
Santa Clara,452.0,20.0,63,3,2020-03-25
Santa Clara,487.0,20.0,35,0,2020-03-26
Santa Clara,557.0,25.0,70,5,2020-03-27
Santa Clara,587.0,27.0,30,2,2020-03-28
Santa Clara,591.0,30.0,4,3,2020-03-29
Santa Clara,745.0,31.0,154,1,2020-03-30
Santa Clara,777.0,30.0,32,-1,2020-03-31
Santa Clara,805.0,33.0,28,3,2020-04-01
Santa Clara,908.0,38.0,103,5,2020-04-02
Santa Clara,983.0,39.0,75,1,2020-04-03
Santa Clara,1045.0,39.0,62,0,2020-04-04
Santa Clara,1052.0,42.0,7,3,2020-04-05
Santa Clara,1128.0,43.0,76,1,2020-04-06
Santa Clara,1193.0,46.0,65,3,2020-04-07
Santa Clara,1257.0,47.0,64,1,2020-04-08
Santa Clara,1301.0,49.0,44,2,2020-04-09
Santa Clara,1351.0,52.0,50,3,2020-04-10
Santa Clara,1441.0,52.0,90,0,2020-04-11
Santa Clara,1461.0,53.0,20,1,2020-04-12
Santa Clara,1542.0,60.0,81,7,2020-04-13
Santa Clara,1561.0,66.0,19,6,2020-04-14
Santa Clara,1692.0,66.0,131,0,2020-04-15
Santa Clara,1789.0,69.0,97,3,2020-04-16
Santa Clara,1834.0,73.0,45,4,2020-04-17
Santa Clara,1862.0,73.0,28,0,2020-04-18
Santa Clara,1878.0,79.0,16,6,2020-04-19
Santa Clara,1920.0,83.0,42,4,2020-04-20
Santa Clara,1943.0,88.0,23,5,2020-04-21
Santa Clara,1969.0,94.0,26,6,2020-04-22
Santa Clara,1996.0,95.0,27,1,2020-04-23
Santa Clara,2026.0,98.0,30,3,2020-04-24
Santa Clara,2045.0,99.0,19,1,2020-04-25
Santa Clara,2097.0,102.0,52,3,2020-04-26
Santa Clara,2104.0,105.0,7,3,2020-04-27
Santa Clara,2130.0,106.0,26,1,2020-04-28
Santa Clara,2147.0,108.0,17,2,2020-04-29
Santa Clara,2172.0,111.0,25,3,2020-04-30
Santa Clara,2176.0,113.0,4,2,2020-05-01
Santa Clara,2203.0,115.0,27,2,2020-05-02
Santa Clara,2235.0,116.0,32,1,2020-05-03
Santa Clara,2238.0,119.0,3,3,2020-05-04
Santa Clara,2249.0,123.0,11,4,2020-05-05
Santa Clara,2270.0,126.0,21,3,2020-05-06
Santa Clara,2281.0,127.0,11,1,2020-05-07
Santa Clara,2285.0,130.0,4,3,2020-05-08
Santa Clara,2317.0,130.0,32,0,2020-05-09
Santa Clara,2331.0,130.0,14,0,2020-05-10
Santa Clara,2340.0,133.0,9,3,2020-05-11
Santa Clara,2362.0,133.0,22,0,2020-05-12
Santa Clara,2370.0,135.0,8,2,2020-05-13
Santa Clara,2380.0,135.0,10,0,2020-05-14
Santa Clara,2395.0,136.0,15,1,2020-05-15
Santa Clara,2420.0,136.0,25,0,2020-05-16
Santa Clara,2453.0,136.0,33,0,2020-05-17
Santa Clara,2468.0,136.0,15,0,2020-05-18
Santa Clara,2480.0,139.0,12,3,2020-05-19
Santa Clara,2508.0,139.0,28,0,2020-05-20
Santa Clara,2520.0,139.0,12,0,2020-05-21
Santa Clara,2537.0,139.0,17,0,2020-05-22
Santa Clara,2593.0,139.0,56,0,2020-05-23
Santa Clara,2623.0,139.0,30,0,2020-05-24
Santa Clara,2647.0,140.0,24,1,2020-05-25
Santa Clara,2659.0,140.0,12,0,2020-05-26
Santa Clara,2680.0,141.0,21,1,2020-05-27
Santa Clara,2698.0,141.0,18,0,2020-05-28
Santa Clara,2707.0,141.0,9,0,2020-05-29
Santa Clara,2741.0,141.0,34,0,2020-05-30
Santa Clara,2785.0,144.0,44,3,2020-05-31
Santa Clara,2797.0,144.0,12,0,2020-06-01
Santa Clara,2819.0,144.0,22,0,2020-06-02
Santa Clara,2836.0,144.0,17,0,2020-06-03
Santa Clara,2871.0,144.0,35,0,2020-06-04
Santa Clara,2902.0,144.0,31,0,2020-06-05
Santa Clara,2934.0,144.0,32,0,2020-06-06
Santa Clara,2947.0,144.0,13,0,2020-06-07
Santa Clara,2971.0,149.0,24,5,2020-06-08
Santa Clara,3006.0,149.0,35,0,2020-06-09
Santa Clara,3032.0,149.0,26,0,2020-06-10
Santa Clara,3049.0,149.0,17,0,2020-06-11
Santa Clara,3099.0,150.0,50,1,2020-06-12
Santa Clara,3141.0,150.0,42,0,2020-06-13
Santa Clara,3178.0,151.0,37,1,2020-06-14
Santa Clara,3204.0,152.0,26,1,2020-06-15
Santa Clara,3228.0,152.0,24,0,2020-06-16
Santa Clara,3264.0,152.0,36,0,2020-06-17
Santa Clara,3338.0,152.0,74,0,2020-06-18
Santa Clara,3376.0,152.0,38,0,2020-06-19
Santa Clara,3435.0,154.0,59,2,2020-06-20
Santa Clara,3514.0,154.0,79,0,2020-06-21
Santa Clara,3580.0,154.0,66,0,2020-06-22
Santa Clara,3700.0,155.0,120,1,2020-06-23
Santa Clara,3812.0,155.0,112,0,2020-06-24
Santa Clara,3883.0,155.0,71,0,2020-06-25
Santa Clara,3985.0,155.0,102,0,2020-06-26
Santa Clara,4043.0,155.0,58,0,2020-06-27
Santa Clara,4193.0,155.0,150,0,2020-06-28
Santa Clara,4372.0,156.0,179,1,2020-06-29
Santa Clara,4476.0,157.0,104,1,2020-06-30
Santa Clara,4545.0,158.0,69,1,2020-07-01
Santa Clara,4722.0,159.0,177,1,2020-07-02
Santa Clara,4820.0,160.0,98,1,2020-07-03
Santa Clara,5045.0,160.0,225,0,2020-07-04
Santa Clara,5237.0,161.0,192,1,2020-07-05
Santa Clara,5369.0,164.0,132,3,2020-07-06
Santa Clara,5438.0,165.0,69,1,2020-07-07
Santa Clara,5510.0,165.0,72,0,2020-07-08
Santa Clara,5638.0,166.0,128,1,2020-07-09
Santa Clara,5819.0,166.0,181,0,2020-07-10
Santa Clara,5959.0,166.0,140,0,2020-07-11
Santa Clara,6252.0,166.0,293,0,2020-07-12
Santa Clara,6488.0,167.0,236,1,2020-07-13
Santa Clara,6686.0,170.0,198,3,2020-07-14
Santa Clara,6900.0,173.0,214,3,2020-07-15
Santa Clara,6990.0,176.0,90,3,2020-07-16
Santa Clara,7080.0,177.0,90,1,2020-07-17
Santa Clara,7255.0,177.0,175,0,2020-07-18
Santa Clara,7403.0,177.0,148,0,2020-07-19
Santa Clara,7711.0,178.0,308,1,2020-07-20
Santa Clara,7989.0,178.0,278,0,2020-07-21
Santa Clara,8266.0,180.0,277,2,2020-07-22
Santa Clara,8458.0,181.0,192,1,2020-07-23
Santa Clara,8658.0,183.0,200,2,2020-07-24
Santa Clara,8767.0,184.0,109,1,2020-07-25
Santa Clara,8986.0,184.0,219,0,2020-07-26
Santa Clara,9157.0,184.0,171,0,2020-07-27
Santa Clara,9307.0,185.0,150,1,2020-07-28
Santa Clara,9567.0,187.0,260,2,2020-07-29
Santa Clara,9708.0,190.0,141,3,2020-07-30
Santa Clara,9863.0,191.0,155,1,2020-07-31
Santa Clara,10281.0,191.0,418,0,2020-08-01
Santa Clara,10577.0,191.0,296,0,2020-08-02
Santa Clara,10747.0,191.0,170,0,2020-08-03
Santa Clara,10986.0,192.0,239,1,2020-08-04
Santa Clara,11074.0,196.0,88,4,2020-08-05
Santa Clara,11280.0,196.0,206,0,2020-08-06
Santa Clara,11409.0,203.0,129,7,2020-08-07
Santa Clara,11615.0,204.0,206,1,2020-08-08
Santa Clara,11878.0,205.0,263,1,2020-08-09
Santa Clara,12615.0,205.0,737,0,2020-08-10
Santa Clara,12920.0,207.0,305,2,2020-08-11
Santa Clara,13002.0,207.0,82,0,2020-08-12
Santa Clara,13257.0,208.0,255,1,2020-08-13
Santa Clara,13785.0,208.0,528,0,2020-08-14
Santa Clara,14105.0,209.0,320,1,2020-08-15
Santa Clara,14329.0,209.0,224,0,2020-08-16
Santa Clara,14546.0,209.0,217,0,2020-08-17
Santa Clara,14786.0,213.0,240,4,2020-08-18
Santa Clara,14994.0,216.0,208,3,2020-08-19
Santa Clara,15162.0,217.0,168,1,2020-08-20
Santa Clara,15399.0,222.0,237,5,2020-08-21
Santa Clara,15590.0,224.0,191,2,2020-08-22
Santa Clara,15912.0,224.0,322,0,2020-08-23
Santa Clara,16049.0,224.0,137,0,2020-08-24
Santa Clara,16199.0,233.0,150,9,2020-08-25
Santa Clara,16283.0,237.0,84,4,2020-08-26
Santa Clara,16495.0,240.0,212,3,2020-08-27
Santa Clara,16696.0,245.0,201,5,2020-08-28
Santa Clara,16898.0,244.0,202,-1,2020-08-29
Santa Clara,17045.0,244.0,147,0,2020-08-30
Santa Clara,17211.0,244.0,166,0,2020-08-31
Santa Clara,17319.0,248.0,108,4,2020-09-01
Santa Clara,17673.0,250.0,354,2,2020-09-02
Santa Clara,17879.0,253.0,206,3,2020-09-03
Santa Clara,18074.0,254.0,195,1,2020-09-04
Santa Clara,18311.0,257.0,237,3,2020-09-05
Santa Clara,18495.0,260.0,184,3,2020-09-06
Santa Clara,18596.0,260.0,101,0,2020-09-07
Santa Clara,18645.0,260.0,49,0,2020-09-08
Santa Clara,18759.0,263.0,114,3,2020-09-09
Santa Clara,18870.0,263.0,111,0,2020-09-10
Santa Clara,19065.0,276.0,195,13,2020-09-11
Santa Clara,19330.0,280.0,265,4,2020-09-12
Santa Clara,19456.0,283.0,126,3,2020-09-13
Santa Clara,19545.0,283.0,89,0,2020-09-14
Santa Clara,19610.0,287.0,65,4,2020-09-15
Santa Clara,19684.0,293.0,74,6,2020-09-16
Santa Clara,19825.0,295.0,141,2,2020-09-17
Santa Clara,20058.0,295.0,233,0,2020-09-18
Santa Clara,20170.0,296.0,112,1,2020-09-19
Santa Clara,20330.0,296.0,160,0,2020-09-20
Santa Clara,20432.0,297.0,102,1,2020-09-21
Santa Clara,20514.0,299.0,82,2,2020-09-22
Santa Clara,20575.0,300.0,61,1,2020-09-23
Santa Clara,20689.0,304.0,114,4,2020-09-24
Santa Clara,20812.0,306.0,123,2,2020-09-25
Santa Clara,20967.0,311.0,155,5,2020-09-26
Santa Clara,21091.0,312.0,124,1,2020-09-27
Santa Clara,21180.0,314.0,89,2,2020-09-28
Santa Clara,21233.0,318.0,53,4,2020-09-29
Santa Clara,21318.0,322.0,85,4,2020-09-30
Santa Clara,21398.0,325.0,80,3,2020-10-01
Santa Clara,21545.0,330.0,147,5,2020-10-02
Santa Clara,21672.0,333.0,127,3,2020-10-03
Santa Clara,21780.0,344.0,108,11,2020-10-04
Santa Clara,21861.0,345.0,81,1,2020-10-05
Santa Clara,21914.0,347.0,53,2,2020-10-06
Santa Clara,21993.0,353.0,79,6,2020-10-07
Santa Clara,22095.0,354.0,102,1,2020-10-08
Santa Clara,22251.0,357.0,156,3,2020-10-09
Santa Clara,22354.0,357.0,103,0,2020-10-10
Santa Clara,22487.0,357.0,133,0,2020-10-11
Santa Clara,22578.0,362.0,91,5,2020-10-12
Santa Clara,22678.0,363.0,100,1,2020-10-13
Santa Clara,22735.0,363.0,57,0,2020-10-14
Santa Clara,22808.0,367.0,73,4,2020-10-15
Santa Clara,22920.0,373.0,112,6,2020-10-16
Santa Clara,22997.0,373.0,77,0,2020-10-17
Santa Clara,23169.0,373.0,172,0,2020-10-18
Santa Clara,23301.0,378.0,132,5,2020-10-19
Santa Clara,23406.0,382.0,105,4,2020-10-20
Santa Clara,23537.0,385.0,131,3,2020-10-21
Santa Clara,23621.0,385.0,84,0,2020-10-22
Santa Clara,23822.0,388.0,201,3,2020-10-23
Santa Clara,23978.0,388.0,156,0,2020-10-24
Santa Clara,24087.0,388.0,109,0,2020-10-25
Santa Clara,24258.0,388.0,171,0,2020-10-26
Santa Clara,24368.0,392.0,110,4,2020-10-27
Santa Clara,24503.0,402.0,135,10,2020-10-28
Santa Clara,24614.0,404.0,111,2,2020-10-29
Santa Clara,24811.0,406.0,197,2,2020-10-30
Santa Clara,24957.0,406.0,146,0,2020-10-31
Santa Clara,25090.0,406.0,133,0,2020-11-01
Santa Clara,25222.0,406.0,132,0,2020-11-02
Santa Clara,25386.0,412.0,164,6,2020-11-03
Santa Clara,25487.0,421.0,101,9,2020-11-04
Santa Clara,25651.0,424.0,164,3,2020-11-05
Santa Clara,25831.0,430.0,180,6,2020-11-06
Santa Clara,26087.0,430.0,256,0,2020-11-07
Santa Clara,26442.0,430.0,355,0,2020-11-08
Santa Clara,26693.0,433.0,251,3,2020-11-09
Santa Clara,26917.0,436.0,224,3,2020-11-10
Santa Clara,27075.0,440.0,158,4,2020-11-11
Santa Clara,27261.0,440.0,186,0,2020-11-12
Santa Clara,27609.0,444.0,348,4,2020-11-13
Santa Clara,27962.0,444.0,353,0,2020-11-14
Santa Clara,28289.0,444.0,327,0,2020-11-15
Santa Clara,28673.0,445.0,384,1,2020-11-16
Santa Clara,29013.0,447.0,340,2,2020-11-17
Santa Clara,29285.0,453.0,272,6,2020-11-18
Santa Clara,29630.0,459.0,345,6,2020-11-19
Santa Clara,30002.0,463.0,372,4,2020-11-20
Santa Clara,30377.0,463.0,375,0,2020-11-21
Santa Clara,30633.0,463.0,256,0,2020-11-22
Santa Clara,31064.0,464.0,431,1,2020-11-23
Santa Clara,31564.0,467.0,500,3,2020-11-24
Santa Clara,32032.0,470.0,468,3,2020-11-25
Santa Clara,32411.0,476.0,379,6,2020-11-26
Santa Clara,32935.0,476.0,524,0,2020-11-27
Santa Clara,33701.0,476.0,766,0,2020-11-28
Santa Clara,34234.0,476.0,533,0,2020-11-29
Santa Clara,35019.0,476.0,785,0,2020-11-30
Santa Clara,35397.0,482.0,378,6,2020-12-01
Santa Clara,35878.0,486.0,481,4,2020-12-02
Santa Clara,36621.0,495.0,743,9,2020-12-03
Santa Clara,37465.0,503.0,844,8,2020-12-04
Santa Clara,38339.0,503.0,874,0,2020-12-05
Santa Clara,39112.0,503.0,773,0,2020-12-06
Santa Clara,40621.0,511.0,1509,8,2020-12-07
Santa Clara,41309.0,512.0,688,1,2020-12-08
Santa Clara,42912.0,515.0,1603,3,2020-12-09
Santa Clara,43939.0,519.0,1027,4,2020-12-10
Santa Clara,45101.0,526.0,1162,7,2020-12-11
Santa Clara,45892.0,526.0,791,0,2020-12-12
Santa Clara,47920.0,526.0,2028,0,2020-12-13
Santa Clara,49180.0,529.0,1260,3,2020-12-14
San Mateo,57.0,1.0,57,1,2020-03-18
San Mateo,58.0,1.0,1,0,2020-03-19
San Mateo,71.0,1.0,13,0,2020-03-20
San Mateo,78.0,1.0,7,0,2020-03-21
San Mateo,82.0,1.0,4,0,2020-03-22
San Mateo,88.0,1.0,6,0,2020-03-23
San Mateo,100.0,2.0,12,1,2020-03-24
San Mateo,111.0,5.0,11,3,2020-03-25
San Mateo,122.0,5.0,11,0,2020-03-26
San Mateo,213.0,7.0,91,2,2020-03-27
San Mateo,231.0,9.0,18,2,2020-03-28
San Mateo,234.0,12.0,3,3,2020-03-29
San Mateo,257.0,11.0,23,-1,2020-03-30
San Mateo,297.0,12.0,40,1,2020-03-31
San Mateo,354.0,13.0,57,1,2020-04-01
San Mateo,423.0,13.0,69,0,2020-04-02
San Mateo,474.0,13.0,51,0,2020-04-03
San Mateo,520.0,17.0,46,4,2020-04-04
San Mateo,528.0,19.0,8,2,2020-04-05
San Mateo,569.0,20.0,41,1,2020-04-06
San Mateo,573.0,22.0,4,2,2020-04-07
San Mateo,608.0,22.0,35,0,2020-04-08
San Mateo,630.0,23.0,22,1,2020-04-09
San Mateo,642.0,21.0,12,-2,2020-04-10
San Mateo,662.0,25.0,20,4,2020-04-11
San Mateo,664.0,25.0,2,0,2020-04-12
San Mateo,679.0,25.0,15,0,2020-04-13
San Mateo,681.0,25.0,2,0,2020-04-14
San Mateo,707.0,25.0,26,0,2020-04-15
San Mateo,745.0,25.0,38,0,2020-04-16
San Mateo,768.0,28.0,23,3,2020-04-17
San Mateo,821.0,28.0,53,0,2020-04-18
San Mateo,845.0,31.0,24,3,2020-04-19
San Mateo,890.0,31.0,45,0,2020-04-20
San Mateo,933.0,31.0,43,0,2020-04-21
San Mateo,945.0,39.0,12,8,2020-04-22
San Mateo,970.0,39.0,25,0,2020-04-23
San Mateo,1004.0,43.0,34,4,2020-04-24
San Mateo,1054.0,43.0,50,0,2020-04-25
San Mateo,1070.0,46.0,16,3,2020-04-26
San Mateo,1092.0,46.0,22,0,2020-04-27
San Mateo,1129.0,48.0,37,2,2020-04-28
San Mateo,1170.0,50.0,41,2,2020-04-29
San Mateo,1194.0,52.0,24,2,2020-04-30
San Mateo,1222.0,52.0,28,0,2020-05-01
San Mateo,1272.0,52.0,50,0,2020-05-02
San Mateo,1277.0,53.0,5,1,2020-05-03
San Mateo,1313.0,53.0,36,0,2020-05-04
San Mateo,1335.0,56.0,22,3,2020-05-05
San Mateo,1348.0,56.0,13,0,2020-05-06
San Mateo,1398.0,57.0,50,1,2020-05-07
San Mateo,1423.0,62.0,25,5,2020-05-08
San Mateo,1453.0,65.0,30,3,2020-05-09
San Mateo,1463.0,65.0,10,0,2020-05-10
San Mateo,1499.0,65.0,36,0,2020-05-11
San Mateo,1533.0,66.0,34,1,2020-05-12
San Mateo,1550.0,66.0,17,0,2020-05-13
San Mateo,1588.0,66.0,38,0,2020-05-14
San Mateo,1612.0,67.0,24,1,2020-05-15
San Mateo,1652.0,68.0,40,1,2020-05-16
San Mateo,1680.0,68.0,28,0,2020-05-17
San Mateo,1701.0,68.0,21,0,2020-05-18
San Mateo,1704.0,75.0,3,7,2020-05-19
San Mateo,1739.0,75.0,35,0,2020-05-20
San Mateo,1791.0,75.0,52,0,2020-05-21
San Mateo,1847.0,76.0,56,1,2020-05-22
San Mateo,1862.0,76.0,15,0,2020-05-23
San Mateo,1925.0,76.0,63,0,2020-05-24
San Mateo,1938.0,76.0,13,0,2020-05-25
San Mateo,1967.0,82.0,29,6,2020-05-26
San Mateo,2045.0,82.0,78,0,2020-05-27
San Mateo,2070.0,82.0,25,0,2020-05-28
San Mateo,2103.0,84.0,33,2,2020-05-29
San Mateo,2129.0,84.0,26,0,2020-05-30
San Mateo,2169.0,84.0,40,0,2020-05-31
San Mateo,2190.0,84.0,21,0,2020-06-01
San Mateo,2203.0,84.0,13,0,2020-06-02
San Mateo,2243.0,84.0,40,0,2020-06-03
San Mateo,2284.0,84.0,41,0,2020-06-04
San Mateo,2331.0,88.0,47,4,2020-06-05
San Mateo,2342.0,88.0,11,0,2020-06-06
San Mateo,2399.0,88.0,57,0,2020-06-07
San Mateo,2431.0,88.0,32,0,2020-06-08
San Mateo,2463.0,93.0,32,5,2020-06-09
San Mateo,2492.0,93.0,29,0,2020-06-10
San Mateo,2499.0,93.0,7,0,2020-06-11
San Mateo,2533.0,99.0,34,6,2020-06-12
San Mateo,2551.0,99.0,18,0,2020-06-13
San Mateo,2571.0,99.0,20,0,2020-06-14
San Mateo,2591.0,99.0,20,0,2020-06-15
San Mateo,2618.0,99.0,27,0,2020-06-16
San Mateo,2649.0,99.0,31,0,2020-06-17
San Mateo,2674.0,99.0,25,0,2020-06-18
San Mateo,2713.0,103.0,39,4,2020-06-19
San Mateo,2755.0,103.0,42,0,2020-06-20
San Mateo,2781.0,103.0,26,0,2020-06-21
San Mateo,2813.0,103.0,32,0,2020-06-22
San Mateo,2907.0,103.0,94,0,2020-06-23
San Mateo,2964.0,104.0,57,1,2020-06-24
San Mateo,3000.0,104.0,36,0,2020-06-25
San Mateo,3063.0,106.0,63,2,2020-06-26
San Mateo,3096.0,106.0,33,0,2020-06-27
San Mateo,3162.0,106.0,66,0,2020-06-28
San Mateo,3249.0,106.0,87,0,2020-06-29
San Mateo,3306.0,108.0,57,2,2020-06-30
San Mateo,3326.0,108.0,20,0,2020-07-01
San Mateo,3390.0,108.0,64,0,2020-07-02
San Mateo,3439.0,108.0,49,0,2020-07-03
San Mateo,3532.0,108.0,93,0,2020-07-04
San Mateo,3575.0,108.0,43,0,2020-07-05
San Mateo,3650.0,108.0,75,0,2020-07-06
San Mateo,3691.0,111.0,41,3,2020-07-07
San Mateo,3733.0,111.0,42,0,2020-07-08
San Mateo,3792.0,111.0,59,0,2020-07-09
San Mateo,3844.0,112.0,52,1,2020-07-10
San Mateo,3956.0,112.0,112,0,2020-07-11
San Mateo,3988.0,112.0,32,0,2020-07-12
San Mateo,4057.0,112.0,69,0,2020-07-13
San Mateo,4173.0,114.0,116,2,2020-07-14
San Mateo,4258.0,114.0,85,0,2020-07-15
San Mateo,4336.0,114.0,78,0,2020-07-16
San Mateo,4407.0,114.0,71,0,2020-07-17
San Mateo,4488.0,114.0,81,0,2020-07-18
San Mateo,4522.0,114.0,34,0,2020-07-19
San Mateo,4609.0,114.0,87,0,2020-07-20
San Mateo,4733.0,114.0,124,0,2020-07-21
San Mateo,4796.0,114.0,63,0,2020-07-22
San Mateo,4895.0,114.0,99,0,2020-07-23
San Mateo,4954.0,117.0,59,3,2020-07-24
San Mateo,5023.0,117.0,69,0,2020-07-25
San Mateo,5078.0,117.0,55,0,2020-07-26
San Mateo,5108.0,117.0,30,0,2020-07-27
San Mateo,5171.0,118.0,63,1,2020-07-28
San Mateo,5305.0,118.0,134,0,2020-07-29
San Mateo,5369.0,118.0,64,0,2020-07-30
San Mateo,5416.0,119.0,47,1,2020-07-31
San Mateo,5520.0,119.0,104,0,2020-08-01
San Mateo,5618.0,119.0,98,0,2020-08-02
San Mateo,5661.0,119.0,43,0,2020-08-03
San Mateo,5690.0,120.0,29,1,2020-08-04
San Mateo,5695.0,120.0,5,0,2020-08-05
San Mateo,5885.0,120.0,190,0,2020-08-06
San Mateo,5948.0,120.0,63,0,2020-08-07
San Mateo,6021.0,120.0,73,0,2020-08-08
San Mateo,6094.0,120.0,73,0,2020-08-09
San Mateo,6222.0,120.0,128,0,2020-08-10
San Mateo,6339.0,122.0,117,2,2020-08-11
San Mateo,6427.0,122.0,88,0,2020-08-12
San Mateo,6503.0,122.0,76,0,2020-08-13
San Mateo,6655.0,126.0,152,4,2020-08-14
San Mateo,6860.0,126.0,205,0,2020-08-15
San Mateo,6942.0,126.0,82,0,2020-08-16
San Mateo,6987.0,126.0,45,0,2020-08-17
San Mateo,7074.0,127.0,87,1,2020-08-18
San Mateo,7146.0,127.0,72,0,2020-08-19
San Mateo,7188.0,127.0,42,0,2020-08-20
San Mateo,7253.0,128.0,65,1,2020-08-21
San Mateo,7361.0,128.0,108,0,2020-08-22
San Mateo,7450.0,128.0,89,0,2020-08-23
San Mateo,7502.0,128.0,52,0,2020-08-24
San Mateo,7636.0,130.0,134,2,2020-08-25
San Mateo,7655.0,130.0,19,0,2020-08-26
San Mateo,7728.0,130.0,73,0,2020-08-27
San Mateo,7783.0,131.0,55,1,2020-08-28
San Mateo,7928.0,131.0,145,0,2020-08-29
San Mateo,8013.0,131.0,85,0,2020-08-30
San Mateo,8065.0,131.0,52,0,2020-08-31
San Mateo,8132.0,132.0,67,1,2020-09-01
San Mateo,8148.0,132.0,16,0,2020-09-02
San Mateo,8211.0,132.0,63,0,2020-09-03
San Mateo,8275.0,135.0,64,3,2020-09-04
San Mateo,8352.0,135.0,77,0,2020-09-05
San Mateo,8387.0,135.0,35,0,2020-09-06
San Mateo,8409.0,135.0,22,0,2020-09-07
San Mateo,8460.0,136.0,51,1,2020-09-08
San Mateo,8478.0,136.0,18,0,2020-09-09
San Mateo,8529.0,136.0,51,0,2020-09-10
San Mateo,8611.0,139.0,82,3,2020-09-11
San Mateo,8759.0,139.0,148,0,2020-09-12
San Mateo,8811.0,139.0,52,0,2020-09-13
San Mateo,8847.0,139.0,36,0,2020-09-14
San Mateo,8895.0,142.0,48,3,2020-09-15
San Mateo,8944.0,142.0,49,0,2020-09-16
San Mateo,8984.0,142.0,40,0,2020-09-17
San Mateo,9062.0,142.0,78,0,2020-09-18
San Mateo,9158.0,143.0,96,1,2020-09-19
San Mateo,9198.0,143.0,40,0,2020-09-20
San Mateo,9239.0,143.0,41,0,2020-09-21
San Mateo,9291.0,144.0,52,1,2020-09-22
San Mateo,9351.0,144.0,60,0,2020-09-23
San Mateo,9376.0,144.0,25,0,2020-09-24
San Mateo,9447.0,150.0,71,6,2020-09-25
San Mateo,9509.0,150.0,62,0,2020-09-26
San Mateo,9566.0,150.0,57,0,2020-09-27
San Mateo,9582.0,150.0,16,0,2020-09-28
San Mateo,9619.0,150.0,37,0,2020-09-29
San Mateo,9634.0,150.0,15,0,2020-09-30
San Mateo,9681.0,150.0,47,0,2020-10-01
San Mateo,9745.0,152.0,64,2,2020-10-02
San Mateo,9822.0,152.0,77,0,2020-10-03
San Mateo,9858.0,152.0,36,0,2020-10-04
San Mateo,9896.0,152.0,38,0,2020-10-05
San Mateo,9934.0,154.0,38,2,2020-10-06
San Mateo,9980.0,154.0,46,0,2020-10-07
San Mateo,10044.0,154.0,64,0,2020-10-08
San Mateo,10140.0,155.0,96,1,2020-10-09
San Mateo,10218.0,155.0,78,0,2020-10-10
San Mateo,10240.0,155.0,22,0,2020-10-11
San Mateo,10262.0,155.0,22,0,2020-10-12
San Mateo,10286.0,155.0,24,0,2020-10-13
San Mateo,10309.0,155.0,23,0,2020-10-14
San Mateo,10340.0,155.0,31,0,2020-10-15
San Mateo,10405.0,157.0,65,2,2020-10-16
San Mateo,10423.0,157.0,18,0,2020-10-17
San Mateo,10503.0,157.0,80,0,2020-10-18
San Mateo,10568.0,157.0,65,0,2020-10-19
San Mateo,10659.0,157.0,91,0,2020-10-20
San Mateo,10730.0,157.0,71,0,2020-10-21
San Mateo,10796.0,157.0,66,0,2020-10-22
San Mateo,10872.0,159.0,76,2,2020-10-23
San Mateo,10942.0,159.0,70,0,2020-10-24
San Mateo,10987.0,159.0,45,0,2020-10-25
San Mateo,11037.0,159.0,50,0,2020-10-26
San Mateo,11074.0,159.0,37,0,2020-10-27
San Mateo,11101.0,159.0,27,0,2020-10-28
San Mateo,11145.0,159.0,44,0,2020-10-29
San Mateo,11207.0,161.0,62,2,2020-10-30
San Mateo,11253.0,161.0,46,0,2020-10-31
San Mateo,11280.0,161.0,27,0,2020-11-01
San Mateo,11328.0,161.0,48,0,2020-11-02
San Mateo,11406.0,161.0,78,0,2020-11-03
San Mateo,11456.0,161.0,50,0,2020-11-04
San Mateo,11535.0,161.0,79,0,2020-11-05
San Mateo,11587.0,162.0,52,1,2020-11-06
San Mateo,11693.0,162.0,106,0,2020-11-07
San Mateo,11783.0,162.0,90,0,2020-11-08
San Mateo,11857.0,162.0,74,0,2020-11-09
San Mateo,11939.0,165.0,82,3,2020-11-10
San Mateo,12008.0,165.0,69,0,2020-11-11
San Mateo,12086.0,165.0,78,0,2020-11-12
San Mateo,12182.0,168.0,96,3,2020-11-13
San Mateo,12293.0,168.0,111,0,2020-11-14
San Mateo,12348.0,168.0,55,0,2020-11-15
San Mateo,12398.0,168.0,50,0,2020-11-16
San Mateo,12491.0,168.0,93,0,2020-11-17
San Mateo,12631.0,168.0,140,0,2020-11-18
San Mateo,12714.0,168.0,83,0,2020-11-19
San Mateo,12980.0,169.0,266,1,2020-11-20
San Mateo,13138.0,169.0,158,0,2020-11-21
San Mateo,13228.0,169.0,90,0,2020-11-22
San Mateo,13364.0,169.0,136,0,2020-11-23
San Mateo,13558.0,170.0,194,1,2020-11-24
San Mateo,13614.0,170.0,56,0,2020-11-25
San Mateo,13715.0,170.0,101,0,2020-11-26
San Mateo,13872.0,170.0,157,0,2020-11-27
San Mateo,14040.0,170.0,168,0,2020-11-28
San Mateo,14177.0,170.0,137,0,2020-11-29
San Mateo,14276.0,170.0,99,0,2020-11-30
San Mateo,14495.0,170.0,219,0,2020-12-01
San Mateo,14757.0,170.0,262,0,2020-12-02
San Mateo,14909.0,170.0,152,0,2020-12-03
San Mateo,15112.0,176.0,203,6,2020-12-04
San Mateo,15512.0,176.0,400,0,2020-12-05
San Mateo,15855.0,176.0,343,0,2020-12-06
San Mateo,16029.0,176.0,174,0,2020-12-07
San Mateo,16305.0,177.0,276,1,2020-12-08
San Mateo,16422.0,177.0,117,0,2020-12-09
San Mateo,16701.0,177.0,279,0,2020-12-10
San Mateo,17240.0,179.0,539,2,2020-12-11
San Mateo,17574.0,179.0,334,0,2020-12-12
San Mateo,18090.0,179.0,516,0,2020-12-13
San Mateo,18361.0,179.0,271,0,2020-12-14
Santa Barbara,2.0,0.0,2,0,2020-03-18
Santa Barbara,5.0,0.0,3,0,2020-03-19
Santa Barbara,7.0,0.0,2,0,2020-03-20
Santa Barbara,8.0,0.0,1,0,2020-03-21
Santa Barbara,16.0,0.0,8,0,2020-03-22
Santa Barbara,18.0,0.0,2,0,2020-03-23
Santa Barbara,20.0,0.0,2,0,2020-03-24
Santa Barbara,25.0,0.0,5,0,2020-03-25
Santa Barbara,33.0,0.0,8,0,2020-03-26
Santa Barbara,37.0,0.0,4,0,2020-03-27
Santa Barbara,49.0,0.0,12,0,2020-03-28
Santa Barbara,52.0,0.0,3,0,2020-03-29
Santa Barbara,79.0,0.0,27,0,2020-03-30
Santa Barbara,89.0,0.0,10,0,2020-03-31
Santa Barbara,103.0,0.0,14,0,2020-04-01
Santa Barbara,125.0,1.0,22,1,2020-04-02
Santa Barbara,154.0,1.0,29,0,2020-04-03
Santa Barbara,167.0,1.0,13,0,2020-04-04
Santa Barbara,171.0,1.0,4,0,2020-04-05
Santa Barbara,189.0,2.0,18,1,2020-04-06
Santa Barbara,209.0,2.0,20,0,2020-04-07
Santa Barbara,221.0,2.0,12,0,2020-04-08
Santa Barbara,232.0,2.0,11,0,2020-04-09
Santa Barbara,254.0,2.0,22,0,2020-04-10
Santa Barbara,258.0,2.0,4,0,2020-04-11
Santa Barbara,261.0,2.0,3,0,2020-04-12
Santa Barbara,271.0,2.0,10,0,2020-04-13
Santa Barbara,292.0,2.0,21,0,2020-04-14
Santa Barbara,317.0,2.0,25,0,2020-04-15
Santa Barbara,331.0,2.0,14,0,2020-04-16
Santa Barbara,349.0,3.0,18,1,2020-04-17
Santa Barbara,372.0,4.0,23,1,2020-04-18
Santa Barbara,377.0,4.0,5,0,2020-04-19
Santa Barbara,388.0,4.0,11,0,2020-04-20
Santa Barbara,414.0,5.0,26,1,2020-04-21
Santa Barbara,437.0,5.0,23,0,2020-04-22
Santa Barbara,445.0,5.0,8,0,2020-04-23
Santa Barbara,450.0,6.0,5,1,2020-04-24
Santa Barbara,457.0,7.0,7,1,2020-04-25
Santa Barbara,464.0,7.0,7,0,2020-04-26
Santa Barbara,466.0,7.0,2,0,2020-04-27
Santa Barbara,469.0,7.0,3,0,2020-04-28
Santa Barbara,477.0,8.0,8,1,2020-04-29
Santa Barbara,490.0,8.0,13,0,2020-04-30
Santa Barbara,499.0,8.0,9,0,2020-05-01
Santa Barbara,506.0,8.0,7,0,2020-05-02
Santa Barbara,512.0,8.0,6,0,2020-05-03
Santa Barbara,524.0,9.0,12,1,2020-05-04
Santa Barbara,541.0,10.0,17,1,2020-05-05
Santa Barbara,565.0,11.0,24,1,2020-05-06
Santa Barbara,720.0,11.0,155,0,2020-05-07
Santa Barbara,1054.0,11.0,334,0,2020-05-08
Santa Barbara,1245.0,11.0,191,0,2020-05-09
Santa Barbara,1323.0,11.0,78,0,2020-05-10
Santa Barbara,1372.0,11.0,49,0,2020-05-11
Santa Barbara,1377.0,11.0,5,0,2020-05-12
Santa Barbara,1382.0,11.0,5,0,2020-05-13
Santa Barbara,1395.0,11.0,13,0,2020-05-14
Santa Barbara,1409.0,11.0,14,0,2020-05-15
Santa Barbara,1422.0,11.0,13,0,2020-05-16
Santa Barbara,1457.0,11.0,35,0,2020-05-17
Santa Barbara,1501.0,11.0,44,0,2020-05-18
Santa Barbara,1521.0,11.0,20,0,2020-05-19
Santa Barbara,1524.0,11.0,3,0,2020-05-20
Santa Barbara,1541.0,11.0,17,0,2020-05-21
Santa Barbara,1554.0,12.0,13,1,2020-05-22
Santa Barbara,1566.0,12.0,12,0,2020-05-23
Santa Barbara,1573.0,12.0,7,0,2020-05-24
Santa Barbara,1590.0,12.0,17,0,2020-05-25
Santa Barbara,1590.0,12.0,0,0,2020-05-26
Santa Barbara,1629.0,12.0,39,0,2020-05-27
Santa Barbara,1642.0,12.0,13,0,2020-05-28
Santa Barbara,1656.0,12.0,14,0,2020-05-29
Santa Barbara,1660.0,12.0,4,0,2020-05-30
Santa Barbara,1662.0,12.0,2,0,2020-05-31
Santa Barbara,1671.0,12.0,9,0,2020-06-01
Santa Barbara,1703.0,14.0,32,2,2020-06-02
Santa Barbara,1722.0,14.0,19,0,2020-06-03
Santa Barbara,1750.0,14.0,28,0,2020-06-04
Santa Barbara,1795.0,15.0,45,1,2020-06-05
Santa Barbara,1815.0,15.0,20,0,2020-06-06
Santa Barbara,1818.0,15.0,3,0,2020-06-07
Santa Barbara,1824.0,15.0,6,0,2020-06-08
Santa Barbara,1854.0,15.0,30,0,2020-06-09
Santa Barbara,1878.0,16.0,24,1,2020-06-10
Santa Barbara,1895.0,16.0,17,0,2020-06-11
Santa Barbara,1969.0,16.0,74,0,2020-06-12
Santa Barbara,1999.0,18.0,30,2,2020-06-13
Santa Barbara,2049.0,18.0,50,0,2020-06-14
Santa Barbara,2054.0,18.0,5,0,2020-06-15
Santa Barbara,2090.0,21.0,36,3,2020-06-16
Santa Barbara,2147.0,22.0,57,1,2020-06-17
Santa Barbara,2201.0,22.0,54,0,2020-06-18
Santa Barbara,2284.0,22.0,83,0,2020-06-19
Santa Barbara,2358.0,22.0,74,0,2020-06-20
Santa Barbara,2430.0,22.0,72,0,2020-06-21
Santa Barbara,2447.0,27.0,17,5,2020-06-22
Santa Barbara,2498.0,27.0,51,0,2020-06-23
Santa Barbara,2569.0,27.0,71,0,2020-06-24
Santa Barbara,2633.0,28.0,64,1,2020-06-25
Santa Barbara,2802.0,28.0,169,0,2020-06-26
Santa Barbara,2857.0,28.0,55,0,2020-06-27
Santa Barbara,2945.0,28.0,88,0,2020-06-28
Santa Barbara,3092.0,29.0,147,1,2020-06-29
Santa Barbara,3210.0,29.0,118,0,2020-06-30
Santa Barbara,3286.0,29.0,76,0,2020-07-01
Santa Barbara,3385.0,29.0,99,0,2020-07-02
Santa Barbara,3406.0,29.0,21,0,2020-07-03
Santa Barbara,3520.0,29.0,114,0,2020-07-04
Santa Barbara,3671.0,29.0,151,0,2020-07-05
Santa Barbara,3763.0,29.0,92,0,2020-07-06
Santa Barbara,3866.0,30.0,103,1,2020-07-07
Santa Barbara,3985.0,29.0,119,-1,2020-07-08
Santa Barbara,4068.0,29.0,83,0,2020-07-09
Santa Barbara,4177.0,31.0,109,2,2020-07-10
Santa Barbara,4283.0,31.0,106,0,2020-07-11
Santa Barbara,4353.0,31.0,70,0,2020-07-12
Santa Barbara,4441.0,31.0,88,0,2020-07-13
Santa Barbara,4641.0,31.0,200,0,2020-07-14
Santa Barbara,4733.0,31.0,92,0,2020-07-15
Santa Barbara,4872.0,32.0,139,1,2020-07-16
Santa Barbara,5001.0,32.0,129,0,2020-07-17
Santa Barbara,5110.0,32.0,109,0,2020-07-18
Santa Barbara,5145.0,32.0,35,0,2020-07-19
Santa Barbara,5266.0,32.0,121,0,2020-07-20
Santa Barbara,5422.0,32.0,156,0,2020-07-21
Santa Barbara,5508.0,32.0,86,0,2020-07-22
Santa Barbara,5628.0,32.0,120,0,2020-07-23
Santa Barbara,5776.0,32.0,148,0,2020-07-24
Santa Barbara,5880.0,32.0,104,0,2020-07-25
Santa Barbara,5939.0,32.0,59,0,2020-07-26
Santa Barbara,6026.0,32.0,87,0,2020-07-27
Santa Barbara,6110.0,32.0,84,0,2020-07-28
Santa Barbara,6215.0,32.0,105,0,2020-07-29
Santa Barbara,6273.0,32.0,58,0,2020-07-30
Santa Barbara,6375.0,60.0,102,28,2020-07-31
Santa Barbara,6465.0,60.0,90,0,2020-08-01
Santa Barbara,6532.0,60.0,67,0,2020-08-02
Santa Barbara,6580.0,61.0,48,1,2020-08-03
Santa Barbara,6591.0,64.0,11,3,2020-08-04
Santa Barbara,6597.0,67.0,6,3,2020-08-05
Santa Barbara,6620.0,68.0,23,1,2020-08-06
Santa Barbara,6509.0,69.0,-111,1,2020-08-07
Santa Barbara,6598.0,69.0,89,0,2020-08-08
Santa Barbara,6669.0,69.0,71,0,2020-08-09
Santa Barbara,6869.0,69.0,200,0,2020-08-10
Santa Barbara,6942.0,73.0,73,4,2020-08-11
Santa Barbara,7049.0,73.0,107,0,2020-08-12
Santa Barbara,7129.0,75.0,80,2,2020-08-13
Santa Barbara,7302.0,77.0,173,2,2020-08-14
Santa Barbara,7338.0,77.0,36,0,2020-08-15
Santa Barbara,7368.0,77.0,30,0,2020-08-16
Santa Barbara,7438.0,80.0,70,3,2020-08-17
Santa Barbara,7472.0,81.0,34,1,2020-08-18
Santa Barbara,7499.0,82.0,27,1,2020-08-19
Santa Barbara,7571.0,84.0,72,2,2020-08-20
Santa Barbara,7645.0,87.0,74,3,2020-08-21
Santa Barbara,7685.0,87.0,40,0,2020-08-22
Santa Barbara,7725.0,87.0,40,0,2020-08-23
Santa Barbara,7784.0,88.0,59,1,2020-08-24
Santa Barbara,7854.0,89.0,70,1,2020-08-25
Santa Barbara,7904.0,90.0,50,1,2020-08-26
Santa Barbara,7934.0,91.0,30,1,2020-08-27
Santa Barbara,8001.0,91.0,67,0,2020-08-28
Santa Barbara,8052.0,92.0,51,1,2020-08-29
Santa Barbara,8088.0,92.0,36,0,2020-08-30
Santa Barbara,8124.0,93.0,36,1,2020-08-31
Santa Barbara,8142.0,95.0,18,2,2020-09-01
Santa Barbara,8206.0,97.0,64,2,2020-09-02
Santa Barbara,8277.0,97.0,71,0,2020-09-03
Santa Barbara,8340.0,97.0,63,0,2020-09-04
Santa Barbara,8404.0,97.0,64,0,2020-09-05
Santa Barbara,8434.0,97.0,30,0,2020-09-06
Santa Barbara,8479.0,97.0,45,0,2020-09-07
Santa Barbara,8488.0,97.0,9,0,2020-09-08
Santa Barbara,8528.0,99.0,40,2,2020-09-09
Santa Barbara,8552.0,103.0,24,4,2020-09-10
Santa Barbara,8592.0,105.0,40,2,2020-09-11
Santa Barbara,8642.0,105.0,50,0,2020-09-12
Santa Barbara,8690.0,105.0,48,0,2020-09-13
Santa Barbara,8692.0,106.0,2,1,2020-09-14
Santa Barbara,8724.0,107.0,32,1,2020-09-15
Santa Barbara,8764.0,109.0,40,2,2020-09-16
Santa Barbara,8779.0,109.0,15,0,2020-09-17
Santa Barbara,8824.0,110.0,45,1,2020-09-18
Santa Barbara,8862.0,110.0,38,0,2020-09-19
Santa Barbara,8880.0,110.0,18,0,2020-09-20
Santa Barbara,8911.0,110.0,31,0,2020-09-21
Santa Barbara,8927.0,111.0,16,1,2020-09-22
Santa Barbara,8952.0,113.0,25,2,2020-09-23
Santa Barbara,8988.0,113.0,36,0,2020-09-24
Santa Barbara,9026.0,113.0,38,0,2020-09-25
Santa Barbara,9061.0,113.0,35,0,2020-09-26
Santa Barbara,9090.0,113.0,29,0,2020-09-27
Santa Barbara,9121.0,113.0,31,0,2020-09-28
Santa Barbara,9149.0,113.0,28,0,2020-09-29
Santa Barbara,9186.0,114.0,37,1,2020-09-30
Santa Barbara,9215.0,115.0,29,1,2020-10-01
Santa Barbara,9234.0,115.0,19,0,2020-10-02
Santa Barbara,9256.0,115.0,22,0,2020-10-03
Santa Barbara,9276.0,115.0,20,0,2020-10-04
Santa Barbara,9309.0,115.0,33,0,2020-10-05
Santa Barbara,9331.0,115.0,22,0,2020-10-06
Santa Barbara,9350.0,115.0,19,0,2020-10-07
Santa Barbara,9374.0,115.0,24,0,2020-10-08
Santa Barbara,9396.0,116.0,22,1,2020-10-09
Santa Barbara,9417.0,116.0,21,0,2020-10-10
Santa Barbara,9440.0,116.0,23,0,2020-10-11
Santa Barbara,9462.0,116.0,22,0,2020-10-12
Santa Barbara,9489.0,116.0,27,0,2020-10-13
Santa Barbara,9509.0,117.0,20,1,2020-10-14
Santa Barbara,9526.0,118.0,17,1,2020-10-15
Santa Barbara,9549.0,119.0,23,1,2020-10-16
Santa Barbara,9588.0,119.0,39,0,2020-10-17
Santa Barbara,9608.0,119.0,20,0,2020-10-18
Santa Barbara,9632.0,119.0,24,0,2020-10-19
Santa Barbara,9664.0,119.0,32,0,2020-10-20
Santa Barbara,9681.0,119.0,17,0,2020-10-21
Santa Barbara,9710.0,120.0,29,1,2020-10-22
Santa Barbara,9751.0,120.0,41,0,2020-10-23
Santa Barbara,9781.0,120.0,30,0,2020-10-24
Santa Barbara,9814.0,120.0,33,0,2020-10-25
Santa Barbara,9827.0,122.0,13,2,2020-10-26
Santa Barbara,9874.0,126.0,47,4,2020-10-27
Santa Barbara,9872.0,126.0,-2,0,2020-10-28
Santa Barbara,9902.0,126.0,30,0,2020-10-29
Santa Barbara,9937.0,128.0,35,2,2020-10-30
Santa Barbara,9957.0,128.0,20,0,2020-10-31
Santa Barbara,9969.0,128.0,12,0,2020-11-01
Santa Barbara,9985.0,129.0,16,1,2020-11-02
Santa Barbara,10008.0,129.0,23,0,2020-11-03
Santa Barbara,10026.0,130.0,18,1,2020-11-04
Santa Barbara,10080.0,130.0,54,0,2020-11-05
Santa Barbara,10118.0,131.0,38,1,2020-11-06
Santa Barbara,10155.0,131.0,37,0,2020-11-07
Santa Barbara,10180.0,131.0,25,0,2020-11-08
Santa Barbara,10214.0,131.0,34,0,2020-11-09
Santa Barbara,10252.0,131.0,38,0,2020-11-10
Santa Barbara,10278.0,131.0,26,0,2020-11-11
Santa Barbara,10325.0,131.0,47,0,2020-11-12
Santa Barbara,10405.0,131.0,80,0,2020-11-13
Santa Barbara,10482.0,131.0,77,0,2020-11-14
Santa Barbara,10516.0,131.0,34,0,2020-11-15
Santa Barbara,10565.0,133.0,49,2,2020-11-16
Santa Barbara,10597.0,133.0,32,0,2020-11-17
Santa Barbara,10684.0,133.0,87,0,2020-11-18
Santa Barbara,10741.0,133.0,57,0,2020-11-19
Santa Barbara,10825.0,133.0,84,0,2020-11-20
Santa Barbara,10922.0,133.0,97,0,2020-11-21
Santa Barbara,10946.0,133.0,24,0,2020-11-22
Santa Barbara,10944.0,133.0,-2,0,2020-11-23
Santa Barbara,11154.0,135.0,210,2,2020-11-24
Santa Barbara,11183.0,135.0,29,0,2020-11-25
Santa Barbara,11277.0,135.0,94,0,2020-11-26
Santa Barbara,11340.0,135.0,63,0,2020-11-27
Santa Barbara,11481.0,135.0,141,0,2020-11-28
Santa Barbara,11520.0,135.0,39,0,2020-11-29
Santa Barbara,11572.0,136.0,52,1,2020-11-30
Santa Barbara,11611.0,137.0,39,1,2020-12-01
Santa Barbara,11705.0,138.0,94,1,2020-12-02
Santa Barbara,11829.0,138.0,124,0,2020-12-03
Santa Barbara,11947.0,138.0,118,0,2020-12-04
Santa Barbara,12107.0,138.0,160,0,2020-12-05
Santa Barbara,12252.0,138.0,145,0,2020-12-06
Santa Barbara,12362.0,138.0,110,0,2020-12-07
Santa Barbara,12516.0,139.0,154,1,2020-12-08
Santa Barbara,12630.0,139.0,114,0,2020-12-09
Santa Barbara,12788.0,140.0,158,1,2020-12-10
Santa Barbara,12997.0,140.0,209,0,2020-12-11
Santa Barbara,13174.0,137.0,177,-3,2020-12-12
Santa Barbara,13249.0,140.0,75,3,2020-12-13
Santa Barbara,13587.0,140.0,338,0,2020-12-14
Tuolumne,0.0,0.0,0,0,2020-03-18
Tuolumne,0.0,0.0,0,0,2020-03-19
Tuolumne,0.0,0.0,0,0,2020-03-20
Tuolumne,0.0,0.0,0,0,2020-03-21
Tuolumne,0.0,0.0,0,0,2020-03-22
Tuolumne,0.0,0.0,0,0,2020-03-23
Tuolumne,0.0,0.0,0,0,2020-03-24
Tuolumne,0.0,0.0,0,0,2020-03-25
Tuolumne,0.0,0.0,0,0,2020-03-26
Tuolumne,1.0,0.0,1,0,2020-03-27
Tuolumne,1.0,0.0,0,0,2020-03-28
Tuolumne,1.0,0.0,0,0,2020-03-29
Tuolumne,1.0,0.0,0,0,2020-03-30
Tuolumne,1.0,0.0,0,0,2020-03-31
Tuolumne,1.0,0.0,0,0,2020-04-01
Tuolumne,1.0,0.0,0,0,2020-04-02
Tuolumne,1.0,0.0,0,0,2020-04-03
Tuolumne,1.0,0.0,0,0,2020-04-04
Tuolumne,1.0,0.0,0,0,2020-04-05
Tuolumne,1.0,0.0,0,0,2020-04-06
Tuolumne,1.0,0.0,0,0,2020-04-07
Tuolumne,0.0,0.0,-1,0,2020-04-08
Tuolumne,0.0,0.0,0,0,2020-04-09
Tuolumne,0.0,0.0,0,0,2020-04-10
Tuolumne,0.0,0.0,0,0,2020-04-11
Tuolumne,0.0,0.0,0,0,2020-04-12
Tuolumne,0.0,0.0,0,0,2020-04-13
Tuolumne,0.0,0.0,0,0,2020-04-14
Tuolumne,1.0,0.0,1,0,2020-04-15
Tuolumne,1.0,0.0,0,0,2020-04-16
Tuolumne,2.0,0.0,1,0,2020-04-17
Tuolumne,2.0,0.0,0,0,2020-04-18
Tuolumne,2.0,0.0,0,0,2020-04-19
Tuolumne,2.0,0.0,0,0,2020-04-20
Tuolumne,2.0,0.0,0,0,2020-04-21
Tuolumne,2.0,0.0,0,0,2020-04-22
Tuolumne,2.0,0.0,0,0,2020-04-23
Tuolumne,2.0,0.0,0,0,2020-04-24
Tuolumne,2.0,0.0,0,0,2020-04-25
Tuolumne,3.0,0.0,1,0,2020-04-26
Tuolumne,3.0,0.0,0,0,2020-04-27
Tuolumne,4.0,0.0,1,0,2020-04-28
Tuolumne,4.0,0.0,0,0,2020-04-29
Tuolumne,3.0,0.0,-1,0,2020-04-30
Tuolumne,3.0,0.0,0,0,2020-05-01
Tuolumne,3.0,0.0,0,0,2020-05-02
Tuolumne,3.0,0.0,0,0,2020-05-03
Tuolumne,3.0,0.0,0,0,2020-05-04
Tuolumne,2.0,0.0,-1,0,2020-05-05
Tuolumne,2.0,0.0,0,0,2020-05-06
Tuolumne,2.0,0.0,0,0,2020-05-07
Tuolumne,2.0,0.0,0,0,2020-05-08
Tuolumne,2.0,0.0,0,0,2020-05-09
Tuolumne,2.0,0.0,0,0,2020-05-10
Tuolumne,2.0,0.0,0,0,2020-05-11
Tuolumne,2.0,0.0,0,0,2020-05-12
Tuolumne,2.0,0.0,0,0,2020-05-13
Tuolumne,2.0,0.0,0,0,2020-05-14
Tuolumne,2.0,0.0,0,0,2020-05-15
Tuolumne,2.0,0.0,0,0,2020-05-16
Tuolumne,2.0,0.0,0,0,2020-05-17
Tuolumne,2.0,0.0,0,0,2020-05-18
Tuolumne,2.0,0.0,0,0,2020-05-19
Tuolumne,2.0,0.0,0,0,2020-05-20
Tuolumne,2.0,0.0,0,0,2020-05-21
Tuolumne,2.0,0.0,0,0,2020-05-22
Tuolumne,2.0,0.0,0,0,2020-05-23
Tuolumne,2.0,0.0,0,0,2020-05-24
Tuolumne,2.0,0.0,0,0,2020-05-25
Tuolumne,2.0,0.0,0,0,2020-05-26
Tuolumne,4.0,0.0,2,0,2020-05-27
Tuolumne,4.0,0.0,0,0,2020-05-28
Tuolumne,4.0,0.0,0,0,2020-05-29
Tuolumne,4.0,0.0,0,0,2020-05-30
Tuolumne,4.0,0.0,0,0,2020-05-31
Tuolumne,4.0,0.0,0,0,2020-06-01
Tuolumne,4.0,0.0,0,0,2020-06-02
Tuolumne,4.0,0.0,0,0,2020-06-03
Tuolumne,4.0,0.0,0,0,2020-06-04
Tuolumne,4.0,0.0,0,0,2020-06-05
Tuolumne,4.0,0.0,0,0,2020-06-06
Tuolumne,4.0,0.0,0,0,2020-06-07
Tuolumne,8.0,0.0,4,0,2020-06-08
Tuolumne,8.0,0.0,0,0,2020-06-09
Tuolumne,7.0,0.0,-1,0,2020-06-10
Tuolumne,7.0,0.0,0,0,2020-06-11
Tuolumne,7.0,0.0,0,0,2020-06-12
Tuolumne,7.0,0.0,0,0,2020-06-13
Tuolumne,7.0,0.0,0,0,2020-06-14
Tuolumne,7.0,0.0,0,0,2020-06-15
Tuolumne,7.0,0.0,0,0,2020-06-16
Tuolumne,7.0,0.0,0,0,2020-06-17
Tuolumne,8.0,0.0,1,0,2020-06-18
Tuolumne,8.0,0.0,0,0,2020-06-19
Tuolumne,8.0,0.0,0,0,2020-06-20
Tuolumne,8.0,0.0,0,0,2020-06-21
Tuolumne,8.0,0.0,0,0,2020-06-22
Tuolumne,9.0,0.0,1,0,2020-06-23
Tuolumne,9.0,0.0,0,0,2020-06-24
Tuolumne,10.0,0.0,1,0,2020-06-25
Tuolumne,10.0,0.0,0,0,2020-06-26
Tuolumne,13.0,0.0,3,0,2020-06-27
Tuolumne,14.0,0.0,1,0,2020-06-28
Tuolumne,16.0,0.0,2,0,2020-06-29
Tuolumne,16.0,0.0,0,0,2020-06-30
Tuolumne,22.0,0.0,6,0,2020-07-01
Tuolumne,23.0,0.0,1,0,2020-07-02
Tuolumne,27.0,0.0,4,0,2020-07-03
Tuolumne,30.0,0.0,3,0,2020-07-04
Tuolumne,30.0,0.0,0,0,2020-07-05
Tuolumne,30.0,0.0,0,0,2020-07-06
Tuolumne,40.0,0.0,10,0,2020-07-07
Tuolumne,42.0,0.0,2,0,2020-07-08
Tuolumne,47.0,0.0,5,0,2020-07-09
Tuolumne,49.0,0.0,2,0,2020-07-10
Tuolumne,50.0,0.0,1,0,2020-07-11
Tuolumne,52.0,0.0,2,0,2020-07-12
Tuolumne,56.0,0.0,4,0,2020-07-13
Tuolumne,68.0,0.0,12,0,2020-07-14
Tuolumne,68.0,0.0,0,0,2020-07-15
Tuolumne,71.0,0.0,3,0,2020-07-16
Tuolumne,73.0,0.0,2,0,2020-07-17
Tuolumne,75.0,0.0,2,0,2020-07-18
Tuolumne,75.0,0.0,0,0,2020-07-19
Tuolumne,75.0,0.0,0,0,2020-07-20
Tuolumne,75.0,0.0,0,0,2020-07-21
Tuolumne,91.0,0.0,16,0,2020-07-22
Tuolumne,93.0,0.0,2,0,2020-07-23
Tuolumne,99.0,0.0,6,0,2020-07-24
Tuolumne,99.0,0.0,0,0,2020-07-25
Tuolumne,113.0,0.0,14,0,2020-07-26
Tuolumne,115.0,2.0,2,2,2020-07-27
Tuolumne,116.0,2.0,1,0,2020-07-28
Tuolumne,118.0,2.0,2,0,2020-07-29
Tuolumne,119.0,2.0,1,0,2020-07-30
Tuolumne,120.0,2.0,1,0,2020-07-31
Tuolumne,123.0,2.0,3,0,2020-08-01
Tuolumne,123.0,2.0,0,0,2020-08-02
Tuolumne,123.0,2.0,0,0,2020-08-03
Tuolumne,127.0,2.0,4,0,2020-08-04
Tuolumne,137.0,2.0,10,0,2020-08-05
Tuolumne,136.0,2.0,-1,0,2020-08-06
Tuolumne,136.0,2.0,0,0,2020-08-07
Tuolumne,143.0,2.0,7,0,2020-08-08
Tuolumne,143.0,2.0,0,0,2020-08-09
Tuolumne,143.0,2.0,0,0,2020-08-10
Tuolumne,146.0,2.0,3,0,2020-08-11
Tuolumne,150.0,2.0,4,0,2020-08-12
Tuolumne,152.0,2.0,2,0,2020-08-13
Tuolumne,155.0,2.0,3,0,2020-08-14
Tuolumne,155.0,2.0,0,0,2020-08-15
Tuolumne,156.0,2.0,1,0,2020-08-16
Tuolumne,157.0,2.0,1,0,2020-08-17
Tuolumne,159.0,2.0,2,0,2020-08-18
Tuolumne,159.0,2.0,0,0,2020-08-19
Tuolumne,159.0,2.0,0,0,2020-08-20
Tuolumne,161.0,2.0,2,0,2020-08-21
Tuolumne,162.0,2.0,1,0,2020-08-22
Tuolumne,164.0,2.0,2,0,2020-08-23
Tuolumne,170.0,2.0,6,0,2020-08-24
Tuolumne,172.0,2.0,2,0,2020-08-25
Tuolumne,172.0,2.0,0,0,2020-08-26
Tuolumne,174.0,2.0,2,0,2020-08-27
Tuolumne,176.0,2.0,2,0,2020-08-28
Tuolumne,178.0,2.0,2,0,2020-08-29
Tuolumne,178.0,2.0,0,0,2020-08-30
Tuolumne,178.0,2.0,0,0,2020-08-31
Tuolumne,183.0,2.0,5,0,2020-09-01
Tuolumne,190.0,2.0,7,0,2020-09-02
Tuolumne,193.0,2.0,3,0,2020-09-03
Tuolumne,193.0,2.0,0,0,2020-09-04
Tuolumne,194.0,2.0,1,0,2020-09-05
Tuolumne,194.0,2.0,0,0,2020-09-06
Tuolumne,196.0,2.0,2,0,2020-09-07
Tuolumne,197.0,2.0,1,0,2020-09-08
Tuolumne,204.0,3.0,7,1,2020-09-09
Tuolumne,205.0,3.0,1,0,2020-09-10
Tuolumne,208.0,3.0,3,0,2020-09-11
Tuolumne,208.0,3.0,0,0,2020-09-12
Tuolumne,208.0,3.0,0,0,2020-09-13
Tuolumne,208.0,3.0,0,0,2020-09-14
Tuolumne,209.0,3.0,1,0,2020-09-15
Tuolumne,210.0,3.0,1,0,2020-09-16
Tuolumne,214.0,4.0,4,1,2020-09-17
Tuolumne,216.0,4.0,2,0,2020-09-18
Tuolumne,217.0,4.0,1,0,2020-09-19
Tuolumne,221.0,4.0,4,0,2020-09-20
Tuolumne,221.0,4.0,0,0,2020-09-21
Tuolumne,224.0,4.0,3,0,2020-09-22
Tuolumne,223.0,4.0,-1,0,2020-09-23
Tuolumne,224.0,4.0,1,0,2020-09-24
Tuolumne,223.0,4.0,-1,0,2020-09-25
Tuolumne,223.0,4.0,0,0,2020-09-26
Tuolumne,224.0,4.0,1,0,2020-09-27
Tuolumne,225.0,4.0,1,0,2020-09-28
Tuolumne,224.0,4.0,-1,0,2020-09-29
Tuolumne,224.0,4.0,0,0,2020-09-30
Tuolumne,223.0,4.0,-1,0,2020-10-01
Tuolumne,225.0,4.0,2,0,2020-10-02
Tuolumne,224.0,4.0,-1,0,2020-10-03
Tuolumne,226.0,4.0,2,0,2020-10-04
Tuolumne,226.0,4.0,0,0,2020-10-05
Tuolumne,227.0,4.0,1,0,2020-10-06
Tuolumne,227.0,4.0,0,0,2020-10-07
Tuolumne,230.0,4.0,3,0,2020-10-08
Tuolumne,230.0,4.0,0,0,2020-10-09
Tuolumne,233.0,4.0,3,0,2020-10-10
Tuolumne,234.0,4.0,1,0,2020-10-11
Tuolumne,234.0,4.0,0,0,2020-10-12
Tuolumne,235.0,4.0,1,0,2020-10-13
Tuolumne,236.0,4.0,1,0,2020-10-14
Tuolumne,236.0,4.0,0,0,2020-10-15
Tuolumne,237.0,4.0,1,0,2020-10-16
Tuolumne,241.0,4.0,4,0,2020-10-17
Tuolumne,245.0,4.0,4,0,2020-10-18
Tuolumne,247.0,4.0,2,0,2020-10-19
Tuolumne,250.0,4.0,3,0,2020-10-20
Tuolumne,251.0,4.0,1,0,2020-10-21
Tuolumne,252.0,4.0,1,0,2020-10-22
Tuolumne,254.0,4.0,2,0,2020-10-23
Tuolumne,269.0,4.0,15,0,2020-10-24
Tuolumne,271.0,4.0,2,0,2020-10-25
Tuolumne,271.0,4.0,0,0,2020-10-26
Tuolumne,275.0,4.0,4,0,2020-10-27
Tuolumne,277.0,5.0,2,1,2020-10-28
Tuolumne,279.0,6.0,2,1,2020-10-29
Tuolumne,286.0,6.0,7,0,2020-10-30
Tuolumne,290.0,6.0,4,0,2020-10-31
Tuolumne,295.0,6.0,5,0,2020-11-01
Tuolumne,302.0,6.0,7,0,2020-11-02
Tuolumne,302.0,6.0,0,0,2020-11-03
Tuolumne,310.0,7.0,8,1,2020-11-04
Tuolumne,312.0,7.0,2,0,2020-11-05
Tuolumne,316.0,8.0,4,1,2020-11-06
Tuolumne,315.0,8.0,-1,0,2020-11-07
Tuolumne,341.0,8.0,26,0,2020-11-08
Tuolumne,346.0,8.0,5,0,2020-11-09
Tuolumne,353.0,8.0,7,0,2020-11-10
Tuolumne,354.0,8.0,1,0,2020-11-11
Tuolumne,353.0,8.0,-1,0,2020-11-12
Tuolumne,427.0,8.0,74,0,2020-11-13
Tuolumne,448.0,8.0,21,0,2020-11-14
Tuolumne,486.0,8.0,38,0,2020-11-15
Tuolumne,543.0,8.0,57,0,2020-11-16
Tuolumne,568.0,8.0,25,0,2020-11-17
Tuolumne,590.0,8.0,22,0,2020-11-18
Tuolumne,602.0,8.0,12,0,2020-11-19
Tuolumne,662.0,8.0,60,0,2020-11-20
Tuolumne,690.0,8.0,28,0,2020-11-21
Tuolumne,689.0,8.0,-1,0,2020-11-22
Tuolumne,774.0,8.0,85,0,2020-11-23
Tuolumne,832.0,8.0,58,0,2020-11-24
Tuolumne,842.0,8.0,10,0,2020-11-25
Tuolumne,871.0,8.0,29,0,2020-11-26
Tuolumne,881.0,8.0,10,0,2020-11-27
Tuolumne,976.0,8.0,95,0,2020-11-28
Tuolumne,988.0,8.0,12,0,2020-11-29
Tuolumne,1027.0,8.0,39,0,2020-11-30
Tuolumne,1052.0,9.0,25,1,2020-12-01
Tuolumne,1076.0,9.0,24,0,2020-12-02
Tuolumne,1105.0,11.0,29,2,2020-12-03
Tuolumne,1134.0,12.0,29,1,2020-12-04
Tuolumne,1180.0,12.0,46,0,2020-12-05
Tuolumne,1210.0,13.0,30,1,2020-12-06
Tuolumne,1256.0,13.0,46,0,2020-12-07
Tuolumne,1264.0,14.0,8,1,2020-12-08
Tuolumne,1319.0,15.0,55,1,2020-12-09
Tuolumne,1451.0,16.0,132,1,2020-12-10
Tuolumne,1510.0,17.0,59,1,2020-12-11
Tuolumne,1536.0,17.0,26,0,2020-12-12
Tuolumne,1611.0,17.0,75,0,2020-12-13
Tuolumne,1647.0,19.0,36,2,2020-12-14
Sierra,0.0,0.0,0,0,2020-03-18
Sierra,0.0,0.0,0,0,2020-03-19
Sierra,0.0,0.0,0,0,2020-03-20
Sierra,0.0,0.0,0,0,2020-03-21
Sierra,0.0,0.0,0,0,2020-03-22
Sierra,0.0,0.0,0,0,2020-03-23
Sierra,0.0,0.0,0,0,2020-03-24
Sierra,0.0,0.0,0,0,2020-03-25
Sierra,0.0,0.0,0,0,2020-03-26
Sierra,0.0,0.0,0,0,2020-03-27
Sierra,0.0,0.0,0,0,2020-03-28
Sierra,,,0,0,2020-03-29
Sierra,0.0,0.0,0,0,2020-03-31
Sierra,0.0,0.0,0,0,2020-04-01
Sierra,0.0,0.0,0,0,2020-04-02
Sierra,0.0,0.0,0,0,2020-04-03
Sierra,0.0,0.0,0,0,2020-04-04
Sierra,0.0,0.0,0,0,2020-04-05
Sierra,0.0,0.0,0,0,2020-04-06
Sierra,0.0,0.0,0,0,2020-04-07
Sierra,0.0,0.0,0,0,2020-04-08
Sierra,0.0,0.0,0,0,2020-04-09
Sierra,0.0,0.0,0,0,2020-04-10
Sierra,0.0,0.0,0,0,2020-04-11
Sierra,0.0,0.0,0,0,2020-04-12
Sierra,0.0,0.0,0,0,2020-04-13
Sierra,0.0,0.0,0,0,2020-04-14
Sierra,0.0,0.0,0,0,2020-04-15
Sierra,0.0,0.0,0,0,2020-04-16
Sierra,0.0,0.0,0,0,2020-04-17
Sierra,0.0,0.0,0,0,2020-04-18
Sierra,0.0,0.0,0,0,2020-04-19
Sierra,0.0,0.0,0,0,2020-04-20
Sierra,0.0,0.0,0,0,2020-04-21
Sierra,0.0,0.0,0,0,2020-04-22
Sierra,0.0,0.0,0,0,2020-04-23
Sierra,0.0,0.0,0,0,2020-04-24
Sierra,0.0,0.0,0,0,2020-04-25
Sierra,0.0,0.0,0,0,2020-04-26
Sierra,0.0,0.0,0,0,2020-04-27
Sierra,0.0,0.0,0,0,2020-04-28
Sierra,0.0,0.0,0,0,2020-04-29
Sierra,0.0,0.0,0,0,2020-04-30
Sierra,0.0,0.0,0,0,2020-05-01
Sierra,0.0,0.0,0,0,2020-05-02
Sierra,0.0,0.0,0,0,2020-05-03
Sierra,0.0,0.0,0,0,2020-05-04
Sierra,0.0,0.0,0,0,2020-05-05
Sierra,0.0,0.0,0,0,2020-05-06
Sierra,0.0,0.0,0,0,2020-05-07
Sierra,0.0,0.0,0,0,2020-05-08
Sierra,0.0,0.0,0,0,2020-05-09
Sierra,0.0,0.0,0,0,2020-05-10
Sierra,0.0,0.0,0,0,2020-05-11
Sierra,0.0,0.0,0,0,2020-05-12
Sierra,0.0,0.0,0,0,2020-05-13
Sierra,0.0,0.0,0,0,2020-05-14
Sierra,0.0,0.0,0,0,2020-05-15
Sierra,0.0,0.0,0,0,2020-05-16
Sierra,0.0,0.0,0,0,2020-05-17
Sierra,0.0,0.0,0,0,2020-05-18
Sierra,0.0,0.0,0,0,2020-05-19
Sierra,0.0,0.0,0,0,2020-05-20
Sierra,0.0,0.0,0,0,2020-05-21
Sierra,0.0,0.0,0,0,2020-05-22
Sierra,1.0,0.0,1,0,2020-05-23
Sierra,1.0,0.0,0,0,2020-05-24
Sierra,1.0,0.0,0,0,2020-05-25
Sierra,1.0,0.0,0,0,2020-05-26
Sierra,1.0,0.0,0,0,2020-05-27
Sierra,1.0,0.0,0,0,2020-05-28
Sierra,1.0,0.0,0,0,2020-05-29
Sierra,1.0,0.0,0,0,2020-05-30
Sierra,1.0,0.0,0,0,2020-05-31
Sierra,1.0,0.0,0,0,2020-06-01
Sierra,1.0,0.0,0,0,2020-06-02
Sierra,1.0,0.0,0,0,2020-06-03
Sierra,1.0,0.0,0,0,2020-06-04
Sierra,1.0,0.0,0,0,2020-06-05
Sierra,1.0,0.0,0,0,2020-06-06
Sierra,1.0,0.0,0,0,2020-06-07
Sierra,1.0,0.0,0,0,2020-06-08
Sierra,1.0,0.0,0,0,2020-06-09
Sierra,1.0,0.0,0,0,2020-06-10
Sierra,1.0,0.0,0,0,2020-06-11
Sierra,1.0,0.0,0,0,2020-06-12
Sierra,1.0,0.0,0,0,2020-06-13
Sierra,1.0,0.0,0,0,2020-06-14
Sierra,1.0,0.0,0,0,2020-06-15
Sierra,1.0,0.0,0,0,2020-06-16
Sierra,1.0,0.0,0,0,2020-06-17
Sierra,1.0,0.0,0,0,2020-06-18
Sierra,1.0,0.0,0,0,2020-06-19
Sierra,1.0,0.0,0,0,2020-06-20
Sierra,1.0,0.0,0,0,2020-06-21
Sierra,1.0,0.0,0,0,2020-06-22
Sierra,1.0,0.0,0,0,2020-06-23
Sierra,1.0,0.0,0,0,2020-06-24
Sierra,1.0,0.0,0,0,2020-06-25
Sierra,1.0,0.0,0,0,2020-06-26
Sierra,1.0,0.0,0,0,2020-06-27
Sierra,1.0,0.0,0,0,2020-06-28
Sierra,1.0,0.0,0,0,2020-06-29
Sierra,1.0,0.0,0,0,2020-06-30
Sierra,1.0,0.0,0,0,2020-07-01
Sierra,1.0,0.0,0,0,2020-07-02
Sierra,1.0,0.0,0,0,2020-07-03
Sierra,1.0,0.0,0,0,2020-07-04
Sierra,1.0,0.0,0,0,2020-07-05
Sierra,1.0,0.0,0,0,2020-07-06
Sierra,1.0,0.0,0,0,2020-07-07
Sierra,1.0,0.0,0,0,2020-07-08
Sierra,1.0,0.0,0,0,2020-07-09
Sierra,1.0,0.0,0,0,2020-07-10
Sierra,1.0,0.0,0,0,2020-07-11
Sierra,1.0,0.0,0,0,2020-07-12
Sierra,1.0,0.0,0,0,2020-07-13
Sierra,1.0,0.0,0,0,2020-07-14
Sierra,1.0,0.0,0,0,2020-07-15
Sierra,1.0,0.0,0,0,2020-07-16
Sierra,1.0,0.0,0,0,2020-07-17
Sierra,1.0,0.0,0,0,2020-07-18
Sierra,1.0,0.0,0,0,2020-07-19
Sierra,1.0,0.0,0,0,2020-07-20
Sierra,1.0,0.0,0,0,2020-07-21
Sierra,1.0,0.0,0,0,2020-07-22
Sierra,1.0,0.0,0,0,2020-07-23
Sierra,1.0,0.0,0,0,2020-07-24
Sierra,1.0,0.0,0,0,2020-07-25
Sierra,1.0,0.0,0,0,2020-07-26
Sierra,1.0,0.0,0,0,2020-07-27
Sierra,1.0,0.0,0,0,2020-07-28
Sierra,1.0,0.0,0,0,2020-07-29
Sierra,1.0,0.0,0,0,2020-07-30
Sierra,1.0,0.0,0,0,2020-07-31
Sierra,1.0,0.0,0,0,2020-08-01
Sierra,1.0,0.0,0,0,2020-08-02
Sierra,1.0,0.0,0,0,2020-08-03
Sierra,1.0,0.0,0,0,2020-08-04
Sierra,3.0,0.0,2,0,2020-08-05
Sierra,3.0,0.0,0,0,2020-08-06
Sierra,3.0,0.0,0,0,2020-08-07
Sierra,3.0,0.0,0,0,2020-08-08
Sierra,3.0,0.0,0,0,2020-08-09
Sierra,3.0,0.0,0,0,2020-08-10
Sierra,4.0,0.0,1,0,2020-08-11
Sierra,4.0,0.0,0,0,2020-08-12
Sierra,5.0,0.0,1,0,2020-08-13
Sierra,5.0,0.0,0,0,2020-08-14
Sierra,6.0,0.0,1,0,2020-08-15
Sierra,6.0,0.0,0,0,2020-08-16
Sierra,6.0,0.0,0,0,2020-08-17
Sierra,6.0,0.0,0,0,2020-08-18
Sierra,6.0,0.0,0,0,2020-08-19
Sierra,6.0,0.0,0,0,2020-08-20
Sierra,6.0,0.0,0,0,2020-08-21
Sierra,6.0,0.0,0,0,2020-08-22
Sierra,6.0,0.0,0,0,2020-08-23
Sierra,6.0,0.0,0,0,2020-08-24
Sierra,6.0,0.0,0,0,2020-08-25
Sierra,6.0,0.0,0,0,2020-08-26
Sierra,6.0,0.0,0,0,2020-08-27
Sierra,6.0,0.0,0,0,2020-08-28
Sierra,6.0,0.0,0,0,2020-08-29
Sierra,6.0,0.0,0,0,2020-08-30
Sierra,6.0,0.0,0,0,2020-08-31
Sierra,6.0,0.0,0,0,2020-09-01
Sierra,6.0,0.0,0,0,2020-09-02
Sierra,6.0,0.0,0,0,2020-09-03
Sierra,6.0,0.0,0,0,2020-09-04
Sierra,6.0,0.0,0,0,2020-09-05
Sierra,6.0,0.0,0,0,2020-09-06
Sierra,6.0,0.0,0,0,2020-09-07
Sierra,6.0,0.0,0,0,2020-09-08
Sierra,6.0,0.0,0,0,2020-09-09
Sierra,6.0,0.0,0,0,2020-09-10
Sierra,6.0,0.0,0,0,2020-09-11
Sierra,6.0,0.0,0,0,2020-09-12
Sierra,6.0,0.0,0,0,2020-09-13
Sierra,6.0,0.0,0,0,2020-09-14
Sierra,6.0,0.0,0,0,2020-09-15
Sierra,6.0,0.0,0,0,2020-09-16
Sierra,6.0,0.0,0,0,2020-09-17
Sierra,6.0,0.0,0,0,2020-09-18
Sierra,6.0,0.0,0,0,2020-09-19
Sierra,6.0,0.0,0,0,2020-09-20
Sierra,6.0,0.0,0,0,2020-09-21
Sierra,6.0,0.0,0,0,2020-09-22
Sierra,6.0,0.0,0,0,2020-09-23
Sierra,6.0,0.0,0,0,2020-09-24
Sierra,6.0,0.0,0,0,2020-09-25
Sierra,6.0,0.0,0,0,2020-09-26
Sierra,6.0,0.0,0,0,2020-09-27
Sierra,6.0,0.0,0,0,2020-09-28
Sierra,6.0,0.0,0,0,2020-09-29
Sierra,6.0,0.0,0,0,2020-09-30
Sierra,6.0,0.0,0,0,2020-10-01
Sierra,6.0,0.0,0,0,2020-10-02
Sierra,6.0,0.0,0,0,2020-10-03
Sierra,6.0,0.0,0,0,2020-10-04
Sierra,6.0,0.0,0,0,2020-10-05
Sierra,6.0,0.0,0,0,2020-10-06
Sierra,6.0,0.0,0,0,2020-10-07
Sierra,6.0,0.0,0,0,2020-10-08
Sierra,6.0,0.0,0,0,2020-10-09
Sierra,6.0,0.0,0,0,2020-10-10
Sierra,6.0,0.0,0,0,2020-10-11
Sierra,6.0,0.0,0,0,2020-10-12
Sierra,6.0,0.0,0,0,2020-10-13
Sierra,6.0,0.0,0,0,2020-10-14
Sierra,6.0,0.0,0,0,2020-10-15
Sierra,6.0,0.0,0,0,2020-10-16
Sierra,6.0,0.0,0,0,2020-10-17
Sierra,6.0,0.0,0,0,2020-10-18
Sierra,6.0,0.0,0,0,2020-10-19
Sierra,6.0,0.0,0,0,2020-10-20
Sierra,6.0,0.0,0,0,2020-10-21
Sierra,6.0,0.0,0,0,2020-10-22
Sierra,6.0,0.0,0,0,2020-10-23
Sierra,6.0,0.0,0,0,2020-10-24
Sierra,6.0,0.0,0,0,2020-10-25
Sierra,6.0,0.0,0,0,2020-10-26
Sierra,6.0,0.0,0,0,2020-10-27
Sierra,6.0,0.0,0,0,2020-10-28
Sierra,6.0,0.0,0,0,2020-10-29
Sierra,6.0,0.0,0,0,2020-10-30
Sierra,6.0,0.0,0,0,2020-10-31
Sierra,6.0,0.0,0,0,2020-11-01
Sierra,6.0,0.0,0,0,2020-11-02
Sierra,6.0,0.0,0,0,2020-11-03
Sierra,6.0,0.0,0,0,2020-11-04
Sierra,6.0,0.0,0,0,2020-11-05
Sierra,7.0,0.0,1,0,2020-11-06
Sierra,7.0,0.0,0,0,2020-11-07
Sierra,7.0,0.0,0,0,2020-11-08
Sierra,10.0,0.0,3,0,2020-11-09
Sierra,10.0,0.0,0,0,2020-11-10
Sierra,11.0,0.0,1,0,2020-11-11
Sierra,11.0,0.0,0,0,2020-11-12
Sierra,11.0,0.0,0,0,2020-11-13
Sierra,11.0,0.0,0,0,2020-11-14
Sierra,11.0,0.0,0,0,2020-11-15
Sierra,11.0,0.0,0,0,2020-11-16
Sierra,11.0,0.0,0,0,2020-11-17
Sierra,11.0,0.0,0,0,2020-11-18
Sierra,11.0,0.0,0,0,2020-11-19
Sierra,12.0,0.0,1,0,2020-11-20
Sierra,13.0,0.0,1,0,2020-11-21
Sierra,13.0,0.0,0,0,2020-11-22
Sierra,15.0,0.0,2,0,2020-11-23
Sierra,15.0,0.0,0,0,2020-11-24
Sierra,15.0,0.0,0,0,2020-11-25
Sierra,15.0,0.0,0,0,2020-11-26
Sierra,16.0,0.0,1,0,2020-11-27
Sierra,16.0,0.0,0,0,2020-11-28
Sierra,16.0,0.0,0,0,2020-11-29
Sierra,16.0,0.0,0,0,2020-11-30
Sierra,17.0,0.0,1,0,2020-12-01
Sierra,17.0,0.0,0,0,2020-12-02
Sierra,17.0,0.0,0,0,2020-12-03
Sierra,17.0,0.0,0,0,2020-12-04
Sierra,17.0,0.0,0,0,2020-12-05
Sierra,17.0,0.0,0,0,2020-12-06
Sierra,18.0,0.0,1,0,2020-12-07
Sierra,18.0,0.0,0,0,2020-12-08
Sierra,18.0,0.0,0,0,2020-12-09
Sierra,18.0,0.0,0,0,2020-12-10
Sierra,19.0,0.0,1,0,2020-12-11
Sierra,21.0,0.0,2,0,2020-12-12
Sierra,21.0,0.0,0,0,2020-12-13
Sierra,21.0,0.0,0,0,2020-12-14
Placer,8.0,1.0,8,1,2020-03-18
Placer,8.0,1.0,0,0,2020-03-19
Placer,9.0,1.0,1,0,2020-03-20
Placer,11.0,1.0,2,0,2020-03-21
Placer,18.0,1.0,7,0,2020-03-22
Placer,19.0,1.0,1,0,2020-03-23
Placer,22.0,1.0,3,0,2020-03-24
Placer,30.0,1.0,8,0,2020-03-25
Placer,34.0,1.0,4,0,2020-03-26
Placer,33.0,1.0,-1,0,2020-03-27
Placer,35.0,1.0,2,0,2020-03-28
Placer,35.0,2.0,0,1,2020-03-29
Placer,44.0,2.0,9,0,2020-03-30
Placer,49.0,2.0,5,0,2020-03-31
Placer,52.0,2.0,3,0,2020-04-01
Placer,72.0,2.0,20,0,2020-04-02
Placer,76.0,2.0,4,0,2020-04-03
Placer,87.0,2.0,11,0,2020-04-04
Placer,86.0,3.0,-1,1,2020-04-05
Placer,90.0,3.0,4,0,2020-04-06
Placer,94.0,3.0,4,0,2020-04-07
Placer,102.0,4.0,8,1,2020-04-08
Placer,107.0,4.0,5,0,2020-04-09
Placer,112.0,7.0,5,3,2020-04-10
Placer,113.0,7.0,1,0,2020-04-11
Placer,114.0,7.0,1,0,2020-04-12
Placer,116.0,7.0,2,0,2020-04-13
Placer,117.0,7.0,1,0,2020-04-14
Placer,123.0,7.0,6,0,2020-04-15
Placer,129.0,8.0,6,1,2020-04-16
Placer,130.0,8.0,1,0,2020-04-17
Placer,130.0,8.0,0,0,2020-04-18
Placer,131.0,8.0,1,0,2020-04-19
Placer,132.0,8.0,1,0,2020-04-20
Placer,133.0,8.0,1,0,2020-04-21
Placer,133.0,8.0,0,0,2020-04-22
Placer,136.0,8.0,3,0,2020-04-23
Placer,137.0,8.0,1,0,2020-04-24
Placer,137.0,8.0,0,0,2020-04-25
Placer,141.0,8.0,4,0,2020-04-26
Placer,142.0,8.0,1,0,2020-04-27
Placer,143.0,8.0,1,0,2020-04-28
Placer,145.0,8.0,2,0,2020-04-29
Placer,148.0,8.0,3,0,2020-04-30
Placer,149.0,8.0,1,0,2020-05-01
Placer,150.0,8.0,1,0,2020-05-02
Placer,161.0,8.0,11,0,2020-05-03
Placer,162.0,8.0,1,0,2020-05-04
Placer,162.0,8.0,0,0,2020-05-05
Placer,164.0,8.0,2,0,2020-05-06
Placer,165.0,8.0,1,0,2020-05-07
Placer,166.0,8.0,1,0,2020-05-08
Placer,168.0,8.0,2,0,2020-05-09
Placer,168.0,8.0,0,0,2020-05-10
Placer,170.0,8.0,2,0,2020-05-11
Placer,170.0,8.0,0,0,2020-05-12
Placer,170.0,9.0,0,1,2020-05-13
Placer,172.0,9.0,2,0,2020-05-14
Placer,174.0,9.0,2,0,2020-05-15
Placer,174.0,9.0,0,0,2020-05-16
Placer,175.0,9.0,1,0,2020-05-17
Placer,176.0,9.0,1,0,2020-05-18
Placer,177.0,9.0,1,0,2020-05-19
Placer,176.0,9.0,-1,0,2020-05-20
Placer,176.0,9.0,0,0,2020-05-21
Placer,181.0,9.0,5,0,2020-05-22
Placer,184.0,9.0,3,0,2020-05-23
Placer,184.0,9.0,0,0,2020-05-24
Placer,186.0,9.0,2,0,2020-05-25
Placer,188.0,9.0,2,0,2020-05-26
Placer,196.0,9.0,8,0,2020-05-27
Placer,196.0,9.0,0,0,2020-05-28
Placer,199.0,9.0,3,0,2020-05-29
Placer,199.0,9.0,0,0,2020-05-30
Placer,215.0,9.0,16,0,2020-05-31
Placer,218.0,9.0,3,0,2020-06-01
Placer,226.0,9.0,8,0,2020-06-02
Placer,243.0,9.0,17,0,2020-06-03
Placer,256.0,9.0,13,0,2020-06-04
Placer,265.0,9.0,9,0,2020-06-05
Placer,270.0,9.0,5,0,2020-06-06
Placer,273.0,9.0,3,0,2020-06-07
Placer,290.0,9.0,17,0,2020-06-08
Placer,301.0,9.0,11,0,2020-06-09
Placer,309.0,9.0,8,0,2020-06-10
Placer,321.0,9.0,12,0,2020-06-11
Placer,333.0,9.0,12,0,2020-06-12
Placer,346.0,9.0,13,0,2020-06-13
Placer,369.0,9.0,23,0,2020-06-14
Placer,386.0,9.0,17,0,2020-06-15
Placer,392.0,9.0,6,0,2020-06-16
Placer,427.0,9.0,35,0,2020-06-17
Placer,457.0,9.0,30,0,2020-06-18
Placer,464.0,9.0,7,0,2020-06-19
Placer,483.0,9.0,19,0,2020-06-20
Placer,498.0,9.0,15,0,2020-06-21
Placer,512.0,9.0,14,0,2020-06-22
Placer,525.0,10.0,13,1,2020-06-23
Placer,548.0,10.0,23,0,2020-06-24
Placer,578.0,10.0,30,0,2020-06-25
Placer,589.0,11.0,11,1,2020-06-26
Placer,591.0,11.0,2,0,2020-06-27
Placer,636.0,11.0,45,0,2020-06-28
Placer,668.0,11.0,32,0,2020-06-29
Placer,697.0,11.0,29,0,2020-06-30
Placer,713.0,11.0,16,0,2020-07-01
Placer,740.0,11.0,27,0,2020-07-02
Placer,745.0,11.0,5,0,2020-07-03
Placer,796.0,11.0,51,0,2020-07-04
Placer,855.0,11.0,59,0,2020-07-05
Placer,904.0,11.0,49,0,2020-07-06
Placer,930.0,11.0,26,0,2020-07-07
Placer,948.0,11.0,18,0,2020-07-08
Placer,982.0,11.0,34,0,2020-07-09
Placer,1002.0,11.0,20,0,2020-07-10
Placer,1029.0,11.0,27,0,2020-07-11
Placer,1058.0,11.0,29,0,2020-07-12
Placer,1096.0,11.0,38,0,2020-07-13
Placer,1122.0,11.0,26,0,2020-07-14
Placer,1145.0,11.0,23,0,2020-07-15
Placer,1168.0,11.0,23,0,2020-07-16
Placer,1207.0,11.0,39,0,2020-07-17
Placer,1233.0,11.0,26,0,2020-07-18
Placer,1246.0,11.0,13,0,2020-07-19
Placer,1364.0,11.0,118,0,2020-07-20
Placer,1413.0,12.0,49,1,2020-07-21
Placer,1469.0,12.0,56,0,2020-07-22
Placer,1519.0,13.0,50,1,2020-07-23
Placer,1551.0,13.0,32,0,2020-07-24
Placer,1596.0,13.0,45,0,2020-07-25
Placer,1628.0,13.0,32,0,2020-07-26
Placer,1679.0,15.0,51,2,2020-07-27
Placer,1759.0,15.0,80,0,2020-07-28
Placer,1798.0,15.0,39,0,2020-07-29
Placer,1821.0,15.0,23,0,2020-07-30
Placer,1853.0,15.0,32,0,2020-07-31
Placer,1891.0,15.0,38,0,2020-08-01
Placer,1920.0,16.0,29,1,2020-08-02
Placer,1947.0,17.0,27,1,2020-08-03
Placer,1964.0,18.0,17,1,2020-08-04
Placer,1989.0,19.0,25,1,2020-08-05
Placer,2045.0,20.0,56,1,2020-08-06
Placer,2078.0,20.0,33,0,2020-08-07
Placer,2153.0,20.0,75,0,2020-08-08
Placer,2211.0,21.0,58,1,2020-08-09
Placer,2298.0,22.0,87,1,2020-08-10
Placer,2393.0,24.0,95,2,2020-08-11
Placer,2417.0,26.0,24,2,2020-08-12
Placer,2460.0,27.0,43,1,2020-08-13
Placer,2546.0,27.0,86,0,2020-08-14
Placer,2551.0,28.0,5,1,2020-08-15
Placer,2583.0,28.0,32,0,2020-08-16
Placer,2609.0,28.0,26,0,2020-08-17
Placer,2644.0,28.0,35,0,2020-08-18
Placer,2659.0,30.0,15,2,2020-08-19
Placer,2681.0,30.0,22,0,2020-08-20
Placer,2698.0,30.0,17,0,2020-08-21
Placer,2734.0,31.0,36,1,2020-08-22
Placer,2772.0,31.0,38,0,2020-08-23
Placer,2793.0,31.0,21,0,2020-08-24
Placer,2829.0,32.0,36,1,2020-08-25
Placer,2846.0,32.0,17,0,2020-08-26
Placer,2869.0,32.0,23,0,2020-08-27
Placer,2891.0,32.0,22,0,2020-08-28
Placer,2935.0,32.0,44,0,2020-08-29
Placer,2961.0,32.0,26,0,2020-08-30
Placer,2989.0,33.0,28,1,2020-08-31
Placer,3013.0,33.0,24,0,2020-09-01
Placer,3047.0,34.0,34,1,2020-09-02
Placer,3069.0,34.0,22,0,2020-09-03
Placer,3101.0,35.0,32,1,2020-09-04
Placer,3141.0,35.0,40,0,2020-09-05
Placer,3169.0,36.0,28,1,2020-09-06
Placer,3188.0,36.0,19,0,2020-09-07
Placer,3205.0,36.0,17,0,2020-09-08
Placer,3222.0,36.0,17,0,2020-09-09
Placer,3233.0,38.0,11,2,2020-09-10
Placer,3254.0,38.0,21,0,2020-09-11
Placer,3280.0,39.0,26,1,2020-09-12
Placer,3291.0,39.0,11,0,2020-09-13
Placer,3302.0,39.0,11,0,2020-09-14
Placer,3331.0,39.0,29,0,2020-09-15
Placer,3351.0,40.0,20,1,2020-09-16
Placer,3368.0,41.0,17,1,2020-09-17
Placer,3389.0,41.0,21,0,2020-09-18
Placer,3412.0,41.0,23,0,2020-09-19
Placer,3452.0,41.0,40,0,2020-09-20
Placer,3473.0,41.0,21,0,2020-09-21
Placer,3492.0,42.0,19,1,2020-09-22
Placer,3506.0,43.0,14,1,2020-09-23
Placer,3514.0,44.0,8,1,2020-09-24
Placer,3527.0,44.0,13,0,2020-09-25
Placer,3551.0,45.0,24,1,2020-09-26
Placer,3562.0,45.0,11,0,2020-09-27
Placer,3572.0,45.0,10,0,2020-09-28
Placer,3570.0,45.0,-2,0,2020-09-29
Placer,3585.0,48.0,15,3,2020-09-30
Placer,3599.0,48.0,14,0,2020-10-01
Placer,3612.0,49.0,13,1,2020-10-02
Placer,3648.0,49.0,36,0,2020-10-03
Placer,3664.0,49.0,16,0,2020-10-04
Placer,3670.0,49.0,6,0,2020-10-05
Placer,3680.0,51.0,10,2,2020-10-06
Placer,3693.0,51.0,13,0,2020-10-07
Placer,3715.0,51.0,22,0,2020-10-08
Placer,3737.0,51.0,22,0,2020-10-09
Placer,3757.0,51.0,20,0,2020-10-10
Placer,3787.0,51.0,30,0,2020-10-11
Placer,3808.0,51.0,21,0,2020-10-12
Placer,3825.0,51.0,17,0,2020-10-13
Placer,3829.0,51.0,4,0,2020-10-14
Placer,3848.0,52.0,19,1,2020-10-15
Placer,3864.0,52.0,16,0,2020-10-16
Placer,3898.0,52.0,34,0,2020-10-17
Placer,3938.0,52.0,40,0,2020-10-18
Placer,3962.0,52.0,24,0,2020-10-19
Placer,3997.0,55.0,35,3,2020-10-20
Placer,4007.0,55.0,10,0,2020-10-21
Placer,4036.0,57.0,29,2,2020-10-22
Placer,4073.0,57.0,37,0,2020-10-23
Placer,4093.0,57.0,20,0,2020-10-24
Placer,4140.0,57.0,47,0,2020-10-25
Placer,4161.0,57.0,21,0,2020-10-26
Placer,4197.0,57.0,36,0,2020-10-27
Placer,4236.0,57.0,39,0,2020-10-28
Placer,4270.0,59.0,34,2,2020-10-29
Placer,4335.0,59.0,65,0,2020-10-30
Placer,4374.0,59.0,39,0,2020-10-31
Placer,4422.0,59.0,48,0,2020-11-01
Placer,4461.0,59.0,39,0,2020-11-02
Placer,4514.0,60.0,53,1,2020-11-03
Placer,4526.0,60.0,12,0,2020-11-04
Placer,4627.0,60.0,101,0,2020-11-05
Placer,4680.0,60.0,53,0,2020-11-06
Placer,4720.0,60.0,40,0,2020-11-07
Placer,4800.0,60.0,80,0,2020-11-08
Placer,4843.0,60.0,43,0,2020-11-09
Placer,4902.0,60.0,59,0,2020-11-10
Placer,4981.0,60.0,79,0,2020-11-11
Placer,5044.0,62.0,63,2,2020-11-12
Placer,5122.0,63.0,78,1,2020-11-13
Placer,5215.0,63.0,93,0,2020-11-14
Placer,5330.0,63.0,115,0,2020-11-15
Placer,5387.0,64.0,57,1,2020-11-16
Placer,5435.0,64.0,48,0,2020-11-17
Placer,5543.0,65.0,108,1,2020-11-18
Placer,5612.0,66.0,69,1,2020-11-19
Placer,5687.0,67.0,75,1,2020-11-20
Placer,5778.0,67.0,91,0,2020-11-21
Placer,5880.0,67.0,102,0,2020-11-22
Placer,5999.0,67.0,119,0,2020-11-23
Placer,6147.0,68.0,148,1,2020-11-24
Placer,6221.0,68.0,74,0,2020-11-25
Placer,6278.0,68.0,57,0,2020-11-26
Placer,6283.0,68.0,5,0,2020-11-27
Placer,6497.0,68.0,214,0,2020-11-28
Placer,6535.0,68.0,38,0,2020-11-29
Placer,6575.0,68.0,40,0,2020-11-30
Placer,6794.0,70.0,219,2,2020-12-01
Placer,6941.0,71.0,147,1,2020-12-02
Placer,7270.0,72.0,329,1,2020-12-03
Placer,7461.0,74.0,191,2,2020-12-04
Placer,7811.0,74.0,350,0,2020-12-05
Placer,7837.0,74.0,26,0,2020-12-06
Placer,7911.0,81.0,74,7,2020-12-07
Placer,8224.0,81.0,313,0,2020-12-08
Placer,8588.0,85.0,364,4,2020-12-09
Placer,8906.0,89.0,318,4,2020-12-10
Placer,8904.0,92.0,-2,3,2020-12-11
Placer,9390.0,92.0,486,0,2020-12-12
Placer,9405.0,92.0,15,0,2020-12-13
Placer,9551.0,93.0,146,1,2020-12-14
San Luis Obispo,5.0,0.0,5,0,2020-03-18
San Luis Obispo,6.0,0.0,1,0,2020-03-19
San Luis Obispo,11.0,0.0,5,0,2020-03-20
San Luis Obispo,16.0,0.0,5,0,2020-03-21
San Luis Obispo,19.0,0.0,3,0,2020-03-22
San Luis Obispo,23.0,0.0,4,0,2020-03-23
San Luis Obispo,32.0,0.0,9,0,2020-03-24
San Luis Obispo,35.0,0.0,3,0,2020-03-25
San Luis Obispo,38.0,0.0,3,0,2020-03-26
San Luis Obispo,46.0,0.0,8,0,2020-03-27
San Luis Obispo,52.0,0.0,6,0,2020-03-28
San Luis Obispo,55.0,0.0,3,0,2020-03-29
San Luis Obispo,62.0,0.0,7,0,2020-03-30
San Luis Obispo,67.0,0.0,5,0,2020-03-31
San Luis Obispo,69.0,0.0,2,0,2020-04-01
San Luis Obispo,79.0,0.0,10,0,2020-04-02
San Luis Obispo,82.0,0.0,3,0,2020-04-03
San Luis Obispo,82.0,0.0,0,0,2020-04-04
San Luis Obispo,83.0,1.0,1,1,2020-04-05
San Luis Obispo,85.0,1.0,2,0,2020-04-06
San Luis Obispo,87.0,1.0,2,0,2020-04-07
San Luis Obispo,90.0,1.0,3,0,2020-04-08
San Luis Obispo,93.0,1.0,3,0,2020-04-09
San Luis Obispo,97.0,1.0,4,0,2020-04-10
San Luis Obispo,100.0,1.0,3,0,2020-04-11
San Luis Obispo,102.0,1.0,2,0,2020-04-12
San Luis Obispo,107.0,1.0,5,0,2020-04-13
San Luis Obispo,109.0,1.0,2,0,2020-04-14
San Luis Obispo,112.0,1.0,3,0,2020-04-15
San Luis Obispo,113.0,1.0,1,0,2020-04-16
San Luis Obispo,116.0,1.0,3,0,2020-04-17
San Luis Obispo,129.0,1.0,13,0,2020-04-18
San Luis Obispo,132.0,1.0,3,0,2020-04-19
San Luis Obispo,132.0,1.0,0,0,2020-04-20
San Luis Obispo,134.0,1.0,2,0,2020-04-21
San Luis Obispo,142.0,1.0,8,0,2020-04-22
San Luis Obispo,146.0,1.0,4,0,2020-04-23
San Luis Obispo,151.0,1.0,5,0,2020-04-24
San Luis Obispo,159.0,1.0,8,0,2020-04-25
San Luis Obispo,165.0,1.0,6,0,2020-04-26
San Luis Obispo,166.0,1.0,1,0,2020-04-27
San Luis Obispo,172.0,1.0,6,0,2020-04-28
San Luis Obispo,181.0,1.0,9,0,2020-04-29
San Luis Obispo,182.0,1.0,1,0,2020-04-30
San Luis Obispo,186.0,1.0,4,0,2020-05-01
San Luis Obispo,193.0,1.0,7,0,2020-05-02
San Luis Obispo,200.0,1.0,7,0,2020-05-03
San Luis Obispo,202.0,1.0,2,0,2020-05-04
San Luis Obispo,203.0,1.0,1,0,2020-05-05
San Luis Obispo,207.0,1.0,4,0,2020-05-06
San Luis Obispo,209.0,1.0,2,0,2020-05-07
San Luis Obispo,210.0,1.0,1,0,2020-05-08
San Luis Obispo,213.0,1.0,3,0,2020-05-09
San Luis Obispo,218.0,1.0,5,0,2020-05-10
San Luis Obispo,224.0,1.0,6,0,2020-05-11
San Luis Obispo,226.0,1.0,2,0,2020-05-12
San Luis Obispo,231.0,1.0,5,0,2020-05-13
San Luis Obispo,236.0,1.0,5,0,2020-05-14
San Luis Obispo,237.0,1.0,1,0,2020-05-15
San Luis Obispo,240.0,1.0,3,0,2020-05-16
San Luis Obispo,242.0,1.0,2,0,2020-05-17
San Luis Obispo,243.0,1.0,1,0,2020-05-18
San Luis Obispo,245.0,1.0,2,0,2020-05-19
San Luis Obispo,249.0,1.0,4,0,2020-05-20
San Luis Obispo,251.0,1.0,2,0,2020-05-21
San Luis Obispo,254.0,1.0,3,0,2020-05-22
San Luis Obispo,256.0,1.0,2,0,2020-05-23
San Luis Obispo,257.0,1.0,1,0,2020-05-24
San Luis Obispo,260.0,1.0,3,0,2020-05-25
San Luis Obispo,260.0,1.0,0,0,2020-05-26
San Luis Obispo,266.0,1.0,6,0,2020-05-27
San Luis Obispo,267.0,1.0,1,0,2020-05-28
San Luis Obispo,270.0,1.0,3,0,2020-05-29
San Luis Obispo,270.0,1.0,0,0,2020-05-30
San Luis Obispo,271.0,1.0,1,0,2020-05-31
San Luis Obispo,275.0,1.0,4,0,2020-06-01
San Luis Obispo,275.0,1.0,0,0,2020-06-02
San Luis Obispo,279.0,1.0,4,0,2020-06-03
San Luis Obispo,288.0,1.0,9,0,2020-06-04
San Luis Obispo,293.0,1.0,5,0,2020-06-05
San Luis Obispo,295.0,1.0,2,0,2020-06-06
San Luis Obispo,296.0,1.0,1,0,2020-06-07
San Luis Obispo,300.0,1.0,4,0,2020-06-08
San Luis Obispo,301.0,1.0,1,0,2020-06-09
San Luis Obispo,306.0,1.0,5,0,2020-06-10
San Luis Obispo,307.0,1.0,1,0,2020-06-11
San Luis Obispo,321.0,1.0,14,0,2020-06-12
San Luis Obispo,326.0,1.0,5,0,2020-06-13
San Luis Obispo,330.0,1.0,4,0,2020-06-14
San Luis Obispo,332.0,1.0,2,0,2020-06-15
San Luis Obispo,343.0,1.0,11,0,2020-06-16
San Luis Obispo,362.0,1.0,19,0,2020-06-17
San Luis Obispo,378.0,1.0,16,0,2020-06-18
San Luis Obispo,392.0,1.0,14,0,2020-06-19
San Luis Obispo,405.0,1.0,13,0,2020-06-20
San Luis Obispo,418.0,1.0,13,0,2020-06-21
San Luis Obispo,422.0,1.0,4,0,2020-06-22
San Luis Obispo,445.0,1.0,23,0,2020-06-23
San Luis Obispo,461.0,1.0,16,0,2020-06-24
San Luis Obispo,476.0,1.0,15,0,2020-06-25
San Luis Obispo,502.0,1.0,26,0,2020-06-26
San Luis Obispo,511.0,1.0,9,0,2020-06-27
San Luis Obispo,548.0,1.0,37,0,2020-06-28
San Luis Obispo,579.0,1.0,31,0,2020-06-29
San Luis Obispo,603.0,1.0,24,0,2020-06-30
San Luis Obispo,613.0,2.0,10,1,2020-07-01
San Luis Obispo,659.0,2.0,46,0,2020-07-02
San Luis Obispo,676.0,2.0,17,0,2020-07-03
San Luis Obispo,699.0,2.0,23,0,2020-07-04
San Luis Obispo,730.0,2.0,31,0,2020-07-05
San Luis Obispo,751.0,2.0,21,0,2020-07-06
San Luis Obispo,795.0,2.0,44,0,2020-07-07
San Luis Obispo,825.0,3.0,30,1,2020-07-08
San Luis Obispo,869.0,4.0,44,1,2020-07-09
San Luis Obispo,891.0,4.0,22,0,2020-07-10
San Luis Obispo,930.0,4.0,39,0,2020-07-11
San Luis Obispo,972.0,4.0,42,0,2020-07-12
San Luis Obispo,989.0,5.0,17,1,2020-07-13
San Luis Obispo,1060.0,5.0,71,0,2020-07-14
San Luis Obispo,1097.0,6.0,37,1,2020-07-15
San Luis Obispo,1146.0,6.0,49,0,2020-07-16
San Luis Obispo,1190.0,6.0,44,0,2020-07-17
San Luis Obispo,1234.0,6.0,44,0,2020-07-18
San Luis Obispo,1262.0,6.0,28,0,2020-07-19
San Luis Obispo,1282.0,6.0,20,0,2020-07-20
San Luis Obispo,1338.0,7.0,56,1,2020-07-21
San Luis Obispo,1373.0,7.0,35,0,2020-07-22
San Luis Obispo,1438.0,8.0,65,1,2020-07-23
San Luis Obispo,1476.0,8.0,38,0,2020-07-24
San Luis Obispo,1530.0,8.0,54,0,2020-07-25
San Luis Obispo,1565.0,8.0,35,0,2020-07-26
San Luis Obispo,1612.0,8.0,47,0,2020-07-27
San Luis Obispo,1636.0,11.0,24,3,2020-07-28
San Luis Obispo,1673.0,12.0,37,1,2020-07-29
San Luis Obispo,1703.0,14.0,30,2,2020-07-30
San Luis Obispo,1746.0,15.0,43,1,2020-07-31
San Luis Obispo,1798.0,15.0,52,0,2020-08-01
San Luis Obispo,1821.0,15.0,23,0,2020-08-02
San Luis Obispo,1863.0,16.0,42,1,2020-08-03
San Luis Obispo,1886.0,16.0,23,0,2020-08-04
San Luis Obispo,1928.0,16.0,42,0,2020-08-05
San Luis Obispo,2000.0,16.0,72,0,2020-08-06
San Luis Obispo,2050.0,17.0,50,1,2020-08-07
San Luis Obispo,2081.0,17.0,31,0,2020-08-08
San Luis Obispo,2124.0,17.0,43,0,2020-08-09
San Luis Obispo,2208.0,17.0,84,0,2020-08-10
San Luis Obispo,2234.0,17.0,26,0,2020-08-11
San Luis Obispo,2263.0,17.0,29,0,2020-08-12
San Luis Obispo,2283.0,18.0,20,1,2020-08-13
San Luis Obispo,2422.0,19.0,139,1,2020-08-14
San Luis Obispo,2461.0,19.0,39,0,2020-08-15
San Luis Obispo,2494.0,19.0,33,0,2020-08-16
San Luis Obispo,2527.0,19.0,33,0,2020-08-17
San Luis Obispo,2535.0,19.0,8,0,2020-08-18
San Luis Obispo,2553.0,20.0,18,1,2020-08-19
San Luis Obispo,2590.0,20.0,37,0,2020-08-20
San Luis Obispo,2640.0,21.0,50,1,2020-08-21
San Luis Obispo,2660.0,21.0,20,0,2020-08-22
San Luis Obispo,2679.0,21.0,19,0,2020-08-23
San Luis Obispo,2705.0,21.0,26,0,2020-08-24
San Luis Obispo,2731.0,21.0,26,0,2020-08-25
San Luis Obispo,2761.0,21.0,30,0,2020-08-26
San Luis Obispo,2808.0,21.0,47,0,2020-08-27
San Luis Obispo,2849.0,21.0,41,0,2020-08-28
San Luis Obispo,2917.0,21.0,68,0,2020-08-29
San Luis Obispo,2934.0,21.0,17,0,2020-08-30
San Luis Obispo,2951.0,20.0,17,-1,2020-08-31
San Luis Obispo,2970.0,20.0,19,0,2020-09-01
San Luis Obispo,3002.0,20.0,32,0,2020-09-02
San Luis Obispo,3023.0,20.0,21,0,2020-09-03
San Luis Obispo,3049.0,22.0,26,2,2020-09-04
San Luis Obispo,3083.0,22.0,34,0,2020-09-05
San Luis Obispo,3101.0,22.0,18,0,2020-09-06
San Luis Obispo,3116.0,22.0,15,0,2020-09-07
San Luis Obispo,3120.0,22.0,4,0,2020-09-08
San Luis Obispo,3131.0,22.0,11,0,2020-09-09
San Luis Obispo,3161.0,23.0,30,1,2020-09-10
San Luis Obispo,3190.0,23.0,29,0,2020-09-11
San Luis Obispo,3220.0,23.0,30,0,2020-09-12
San Luis Obispo,3240.0,23.0,20,0,2020-09-13
San Luis Obispo,3248.0,26.0,8,3,2020-09-14
San Luis Obispo,3262.0,26.0,14,0,2020-09-15
San Luis Obispo,3285.0,27.0,23,1,2020-09-16
San Luis Obispo,3299.0,27.0,14,0,2020-09-17
San Luis Obispo,3328.0,27.0,29,0,2020-09-18
San Luis Obispo,3369.0,27.0,41,0,2020-09-19
San Luis Obispo,3393.0,27.0,24,0,2020-09-20
San Luis Obispo,3406.0,27.0,13,0,2020-09-21
San Luis Obispo,3420.0,27.0,14,0,2020-09-22
San Luis Obispo,3447.0,29.0,27,2,2020-09-23
San Luis Obispo,3480.0,29.0,33,0,2020-09-24
San Luis Obispo,3512.0,29.0,32,0,2020-09-25
San Luis Obispo,3546.0,29.0,34,0,2020-09-26
San Luis Obispo,3562.0,29.0,16,0,2020-09-27
San Luis Obispo,3567.0,29.0,5,0,2020-09-28
San Luis Obispo,3581.0,31.0,14,2,2020-09-29
San Luis Obispo,3597.0,31.0,16,0,2020-09-30
San Luis Obispo,3625.0,31.0,28,0,2020-10-01
San Luis Obispo,3654.0,31.0,29,0,2020-10-02
San Luis Obispo,3670.0,31.0,16,0,2020-10-03
San Luis Obispo,3688.0,31.0,18,0,2020-10-04
San Luis Obispo,3710.0,31.0,22,0,2020-10-05
San Luis Obispo,3723.0,31.0,13,0,2020-10-06
San Luis Obispo,3749.0,31.0,26,0,2020-10-07
San Luis Obispo,3785.0,31.0,36,0,2020-10-08
San Luis Obispo,3810.0,31.0,25,0,2020-10-09
San Luis Obispo,3832.0,31.0,22,0,2020-10-10
San Luis Obispo,3874.0,31.0,42,0,2020-10-11
San Luis Obispo,3874.0,31.0,0,0,2020-10-12
San Luis Obispo,3892.0,32.0,18,1,2020-10-13
San Luis Obispo,3901.0,32.0,9,0,2020-10-14
San Luis Obispo,3934.0,32.0,33,0,2020-10-15
San Luis Obispo,3952.0,32.0,18,0,2020-10-16
San Luis Obispo,3979.0,32.0,27,0,2020-10-17
San Luis Obispo,4009.0,32.0,30,0,2020-10-18
San Luis Obispo,4016.0,32.0,7,0,2020-10-19
San Luis Obispo,4043.0,32.0,27,0,2020-10-20
San Luis Obispo,4055.0,32.0,12,0,2020-10-21
San Luis Obispo,4081.0,32.0,26,0,2020-10-22
San Luis Obispo,4102.0,32.0,21,0,2020-10-23
San Luis Obispo,4119.0,32.0,17,0,2020-10-24
San Luis Obispo,4126.0,32.0,7,0,2020-10-25
San Luis Obispo,4133.0,32.0,7,0,2020-10-26
San Luis Obispo,4148.0,32.0,15,0,2020-10-27
San Luis Obispo,4197.0,32.0,49,0,2020-10-28
San Luis Obispo,4223.0,32.0,26,0,2020-10-29
San Luis Obispo,4256.0,32.0,33,0,2020-10-30
San Luis Obispo,4285.0,32.0,29,0,2020-10-31
San Luis Obispo,4303.0,32.0,18,0,2020-11-01
San Luis Obispo,4303.0,33.0,0,1,2020-11-02
San Luis Obispo,4371.0,33.0,68,0,2020-11-03
San Luis Obispo,4389.0,33.0,18,0,2020-11-04
San Luis Obispo,4459.0,33.0,70,0,2020-11-05
San Luis Obispo,4531.0,33.0,72,0,2020-11-06
San Luis Obispo,4645.0,33.0,114,0,2020-11-07
San Luis Obispo,4698.0,33.0,53,0,2020-11-08
San Luis Obispo,4746.0,33.0,48,0,2020-11-09
San Luis Obispo,4780.0,33.0,34,0,2020-11-10
San Luis Obispo,4832.0,33.0,52,0,2020-11-11
San Luis Obispo,4898.0,33.0,66,0,2020-11-12
San Luis Obispo,4960.0,33.0,62,0,2020-11-13
San Luis Obispo,5073.0,33.0,113,0,2020-11-14
San Luis Obispo,5120.0,33.0,47,0,2020-11-15
San Luis Obispo,5161.0,34.0,41,1,2020-11-16
San Luis Obispo,5235.0,34.0,74,0,2020-11-17
San Luis Obispo,5322.0,34.0,87,0,2020-11-18
San Luis Obispo,5410.0,35.0,88,1,2020-11-19
San Luis Obispo,5524.0,35.0,114,0,2020-11-20
San Luis Obispo,5618.0,35.0,94,0,2020-11-21
San Luis Obispo,5664.0,35.0,46,0,2020-11-22
San Luis Obispo,5772.0,35.0,108,0,2020-11-23
San Luis Obispo,5805.0,35.0,33,0,2020-11-24
San Luis Obispo,5913.0,35.0,108,0,2020-11-25
San Luis Obispo,5964.0,35.0,51,0,2020-11-26
San Luis Obispo,6039.0,36.0,75,1,2020-11-27
San Luis Obispo,6106.0,36.0,67,0,2020-11-28
San Luis Obispo,6145.0,36.0,39,0,2020-11-29
San Luis Obispo,6224.0,38.0,79,2,2020-11-30
San Luis Obispo,6264.0,38.0,40,0,2020-12-01
San Luis Obispo,6324.0,38.0,60,0,2020-12-02
San Luis Obispo,6388.0,38.0,64,0,2020-12-03
San Luis Obispo,6473.0,42.0,85,4,2020-12-04
San Luis Obispo,6623.0,42.0,150,0,2020-12-05
San Luis Obispo,6723.0,42.0,100,0,2020-12-06
San Luis Obispo,6782.0,42.0,59,0,2020-12-07
San Luis Obispo,6903.0,42.0,121,0,2020-12-08
San Luis Obispo,7105.0,45.0,202,3,2020-12-09
San Luis Obispo,7245.0,45.0,140,0,2020-12-10
San Luis Obispo,7415.0,46.0,170,1,2020-12-11
San Luis Obispo,7462.0,46.0,47,0,2020-12-12
San Luis Obispo,7625.0,46.0,163,0,2020-12-13
San Luis Obispo,7791.0,46.0,166,0,2020-12-14
Solano,26.0,0.0,26,0,2020-03-18
Solano,26.0,0.0,0,0,2020-03-19
Solano,29.0,0.0,3,0,2020-03-20
Solano,8.0,0.0,-21,0,2020-03-21
Solano,8.0,0.0,0,0,2020-03-22
Solano,11.0,0.0,3,0,2020-03-23
Solano,13.0,0.0,2,0,2020-03-24
Solano,18.0,0.0,5,0,2020-03-25
Solano,20.0,0.0,2,0,2020-03-26
Solano,48.0,0.0,28,0,2020-03-27
Solano,48.0,0.0,0,0,2020-03-28
Solano,48.0,0.0,0,0,2020-03-29
Solano,50.0,0.0,2,0,2020-03-30
Solano,56.0,0.0,6,0,2020-03-31
Solano,57.0,0.0,1,0,2020-04-01
Solano,65.0,0.0,8,0,2020-04-02
Solano,72.0,1.0,7,1,2020-04-03
Solano,79.0,1.0,7,0,2020-04-04
Solano,78.0,1.0,-1,0,2020-04-05
Solano,95.0,1.0,17,0,2020-04-06
Solano,99.0,1.0,4,0,2020-04-07
Solano,111.0,2.0,12,1,2020-04-08
Solano,118.0,2.0,7,0,2020-04-09
Solano,129.0,2.0,11,0,2020-04-10
Solano,138.0,2.0,9,0,2020-04-11
Solano,136.0,2.0,-2,0,2020-04-12
Solano,137.0,2.0,1,0,2020-04-13
Solano,140.0,2.0,3,0,2020-04-14
Solano,153.0,2.0,13,0,2020-04-15
Solano,162.0,2.0,9,0,2020-04-16
Solano,173.0,2.0,11,0,2020-04-17
Solano,175.0,2.0,2,0,2020-04-18
Solano,174.0,2.0,-1,0,2020-04-19
Solano,185.0,2.0,11,0,2020-04-20
Solano,193.0,3.0,8,1,2020-04-21
Solano,195.0,3.0,2,0,2020-04-22
Solano,196.0,4.0,1,1,2020-04-23
Solano,203.0,4.0,7,0,2020-04-24
Solano,203.0,4.0,0,0,2020-04-25
Solano,205.0,4.0,2,0,2020-04-26
Solano,222.0,4.0,17,0,2020-04-27
Solano,246.0,4.0,24,0,2020-04-28
Solano,252.0,5.0,6,1,2020-04-29
Solano,262.0,5.0,10,0,2020-04-30
Solano,266.0,5.0,4,0,2020-05-01
Solano,267.0,5.0,1,0,2020-05-02
Solano,266.0,5.0,-1,0,2020-05-03
Solano,293.0,6.0,27,1,2020-05-04
Solano,299.0,6.0,6,0,2020-05-05
Solano,300.0,7.0,1,1,2020-05-06
Solano,307.0,7.0,7,0,2020-05-07
Solano,314.0,7.0,7,0,2020-05-08
Solano,321.0,7.0,7,0,2020-05-09
Solano,322.0,7.0,1,0,2020-05-10
Solano,354.0,10.0,32,3,2020-05-11
Solano,361.0,11.0,7,1,2020-05-12
Solano,368.0,12.0,7,1,2020-05-13
Solano,372.0,14.0,4,2,2020-05-14
Solano,388.0,16.0,16,2,2020-05-15
Solano,392.0,16.0,4,0,2020-05-16
Solano,392.0,16.0,0,0,2020-05-17
Solano,398.0,16.0,6,0,2020-05-18
Solano,415.0,16.0,17,0,2020-05-19
Solano,418.0,18.0,3,2,2020-05-20
Solano,424.0,19.0,6,1,2020-05-21
Solano,431.0,20.0,7,1,2020-05-22
Solano,435.0,20.0,4,0,2020-05-23
Solano,436.0,20.0,1,0,2020-05-24
Solano,437.0,20.0,1,0,2020-05-25
Solano,470.0,20.0,33,0,2020-05-26
Solano,477.0,21.0,7,1,2020-05-27
Solano,489.0,22.0,12,1,2020-05-28
Solano,498.0,22.0,9,0,2020-05-29
Solano,512.0,22.0,14,0,2020-05-30
Solano,512.0,22.0,0,0,2020-05-31
Solano,529.0,22.0,17,0,2020-06-01
Solano,537.0,22.0,8,0,2020-06-02
Solano,543.0,22.0,6,0,2020-06-03
Solano,551.0,22.0,8,0,2020-06-04
Solano,558.0,23.0,7,1,2020-06-05
Solano,560.0,23.0,2,0,2020-06-06
Solano,560.0,23.0,0,0,2020-06-07
Solano,560.0,23.0,0,0,2020-06-08
Solano,596.0,23.0,36,0,2020-06-09
Solano,608.0,23.0,12,0,2020-06-10
Solano,616.0,23.0,8,0,2020-06-11
Solano,620.0,23.0,4,0,2020-06-12
Solano,637.0,23.0,17,0,2020-06-13
Solano,638.0,23.0,1,0,2020-06-14
Solano,638.0,23.0,0,0,2020-06-15
Solano,694.0,23.0,56,0,2020-06-16
Solano,722.0,23.0,28,0,2020-06-17
Solano,735.0,23.0,13,0,2020-06-18
Solano,755.0,23.0,20,0,2020-06-19
Solano,784.0,23.0,29,0,2020-06-20
Solano,783.0,23.0,-1,0,2020-06-21
Solano,784.0,23.0,1,0,2020-06-22
Solano,941.0,23.0,157,0,2020-06-23
Solano,979.0,23.0,38,0,2020-06-24
Solano,1041.0,23.0,62,0,2020-06-25
Solano,1082.0,23.0,41,0,2020-06-26
Solano,1098.0,23.0,16,0,2020-06-27
Solano,1144.0,23.0,46,0,2020-06-28
Solano,1216.0,24.0,72,1,2020-06-29
Solano,1317.0,24.0,101,0,2020-06-30
Solano,1364.0,25.0,47,1,2020-07-01
Solano,1429.0,25.0,65,0,2020-07-02
Solano,1496.0,25.0,67,0,2020-07-03
Solano,1548.0,25.0,52,0,2020-07-04
Solano,1547.0,25.0,-1,0,2020-07-05
Solano,1668.0,25.0,121,0,2020-07-06
Solano,1776.0,27.0,108,2,2020-07-07
Solano,1821.0,27.0,45,0,2020-07-08
Solano,1892.0,27.0,71,0,2020-07-09
Solano,1950.0,28.0,58,1,2020-07-10
Solano,2034.0,28.0,84,0,2020-07-11
Solano,2037.0,28.0,3,0,2020-07-12
Solano,2046.0,31.0,9,3,2020-07-13
Solano,2266.0,31.0,220,0,2020-07-14
Solano,2343.0,31.0,77,0,2020-07-15
Solano,2372.0,31.0,29,0,2020-07-16
Solano,2452.0,31.0,80,0,2020-07-17
Solano,2503.0,31.0,51,0,2020-07-18
Solano,2551.0,31.0,48,0,2020-07-19
Solano,2537.0,34.0,-14,3,2020-07-20
Solano,2727.0,35.0,190,1,2020-07-21
Solano,2839.0,35.0,112,0,2020-07-22
Solano,2962.0,35.0,123,0,2020-07-23
Solano,3062.0,35.0,100,0,2020-07-24
Solano,3107.0,35.0,45,0,2020-07-25
Solano,3197.0,35.0,90,0,2020-07-26
Solano,3198.0,35.0,1,0,2020-07-27
Solano,3292.0,36.0,94,1,2020-07-28
Solano,3380.0,37.0,88,1,2020-07-29
Solano,3463.0,37.0,83,0,2020-07-30
Solano,3510.0,37.0,47,0,2020-07-31
Solano,3591.0,37.0,81,0,2020-08-01
Solano,3609.0,37.0,18,0,2020-08-02
Solano,3610.0,37.0,1,0,2020-08-03
Solano,3690.0,38.0,80,1,2020-08-04
Solano,3750.0,38.0,60,0,2020-08-05
Solano,3784.0,39.0,34,1,2020-08-06
Solano,3844.0,39.0,60,0,2020-08-07
Solano,3889.0,40.0,45,1,2020-08-08
Solano,3954.0,40.0,65,0,2020-08-09
Solano,4101.0,41.0,147,1,2020-08-10
Solano,4206.0,41.0,105,0,2020-08-11
Solano,4258.0,41.0,52,0,2020-08-12
Solano,4305.0,41.0,47,0,2020-08-13
Solano,4421.0,41.0,116,0,2020-08-14
Solano,4477.0,41.0,56,0,2020-08-15
Solano,4479.0,41.0,2,0,2020-08-16
Solano,4479.0,41.0,0,0,2020-08-17
Solano,4700.0,43.0,221,2,2020-08-18
Solano,4807.0,44.0,107,1,2020-08-19
Solano,4843.0,44.0,36,0,2020-08-20
Solano,4891.0,44.0,48,0,2020-08-21
Solano,4944.0,44.0,53,0,2020-08-22
Solano,4977.0,44.0,33,0,2020-08-23
Solano,4979.0,46.0,2,2,2020-08-24
Solano,5114.0,46.0,135,0,2020-08-25
Solano,5131.0,46.0,17,0,2020-08-26
Solano,5167.0,46.0,36,0,2020-08-27
Solano,5219.0,46.0,52,0,2020-08-28
Solano,5303.0,46.0,84,0,2020-08-29
Solano,5303.0,46.0,0,0,2020-08-30
Solano,5302.0,47.0,-1,1,2020-08-31
Solano,5438.0,47.0,136,0,2020-09-01
Solano,5463.0,47.0,25,0,2020-09-02
Solano,5499.0,47.0,36,0,2020-09-03
Solano,5552.0,48.0,53,1,2020-09-04
Solano,5579.0,48.0,27,0,2020-09-05
Solano,5619.0,48.0,40,0,2020-09-06
Solano,5640.0,48.0,21,0,2020-09-07
Solano,5654.0,48.0,14,0,2020-09-08
Solano,5680.0,48.0,26,0,2020-09-09
Solano,5696.0,48.0,16,0,2020-09-10
Solano,5742.0,48.0,46,0,2020-09-11
Solano,5772.0,48.0,30,0,2020-09-12
Solano,5810.0,48.0,38,0,2020-09-13
Solano,5834.0,50.0,24,2,2020-09-14
Solano,5878.0,52.0,44,2,2020-09-15
Solano,5899.0,52.0,21,0,2020-09-16
Solano,5915.0,55.0,16,3,2020-09-17
Solano,5961.0,55.0,46,0,2020-09-18
Solano,5998.0,55.0,37,0,2020-09-19
Solano,6020.0,55.0,22,0,2020-09-20
Solano,6019.0,55.0,-1,0,2020-09-21
Solano,6107.0,57.0,88,2,2020-09-22
Solano,6123.0,60.0,16,3,2020-09-23
Solano,6137.0,63.0,14,3,2020-09-24
Solano,6179.0,63.0,42,0,2020-09-25
Solano,6209.0,63.0,30,0,2020-09-26
Solano,6211.0,63.0,2,0,2020-09-27
Solano,6254.0,65.0,43,2,2020-09-28
Solano,6303.0,69.0,49,4,2020-09-29
Solano,6315.0,71.0,12,2,2020-09-30
Solano,6352.0,71.0,37,0,2020-10-01
Solano,6385.0,71.0,33,0,2020-10-02
Solano,6419.0,71.0,34,0,2020-10-03
Solano,6445.0,71.0,26,0,2020-10-04
Solano,6475.0,72.0,30,1,2020-10-05
Solano,6506.0,72.0,31,0,2020-10-06
Solano,6526.0,74.0,20,2,2020-10-07
Solano,6556.0,74.0,30,0,2020-10-08
Solano,6614.0,74.0,58,0,2020-10-09
Solano,6655.0,74.0,41,0,2020-10-10
Solano,6685.0,74.0,30,0,2020-10-11
Solano,6742.0,74.0,57,0,2020-10-12
Solano,6761.0,74.0,19,0,2020-10-13
Solano,6786.0,74.0,25,0,2020-10-14
Solano,6830.0,74.0,44,0,2020-10-15
Solano,6879.0,74.0,49,0,2020-10-16
Solano,6929.0,74.0,50,0,2020-10-17
Solano,6962.0,74.0,33,0,2020-10-18
Solano,7003.0,74.0,41,0,2020-10-19
Solano,7044.0,74.0,41,0,2020-10-20
Solano,7088.0,74.0,44,0,2020-10-21
Solano,7116.0,74.0,28,0,2020-10-22
Solano,7174.0,74.0,58,0,2020-10-23
Solano,7189.0,74.0,15,0,2020-10-24
Solano,7197.0,74.0,8,0,2020-10-25
Solano,7271.0,76.0,74,2,2020-10-26
Solano,7298.0,76.0,27,0,2020-10-27
Solano,7362.0,76.0,64,0,2020-10-28
Solano,7453.0,76.0,91,0,2020-10-29
Solano,7497.0,76.0,44,0,2020-10-30
Solano,7545.0,76.0,48,0,2020-10-31
Solano,7591.0,76.0,46,0,2020-11-01
Solano,7665.0,76.0,74,0,2020-11-02
Solano,7691.0,76.0,26,0,2020-11-03
Solano,7733.0,76.0,42,0,2020-11-04
Solano,7842.0,76.0,109,0,2020-11-05
Solano,7959.0,79.0,117,3,2020-11-06
Solano,8066.0,79.0,107,0,2020-11-07
Solano,8132.0,79.0,66,0,2020-11-08
Solano,8254.0,79.0,122,0,2020-11-09
Solano,8299.0,79.0,45,0,2020-11-10
Solano,8353.0,79.0,54,0,2020-11-11
Solano,8417.0,79.0,64,0,2020-11-12
Solano,8525.0,79.0,108,0,2020-11-13
Solano,8655.0,79.0,130,0,2020-11-14
Solano,8713.0,79.0,58,0,2020-11-15
Solano,8827.0,79.0,114,0,2020-11-16
Solano,8905.0,80.0,78,1,2020-11-17
Solano,8994.0,80.0,89,0,2020-11-18
Solano,9093.0,80.0,99,0,2020-11-19
Solano,9216.0,80.0,123,0,2020-11-20
Solano,9290.0,80.0,74,0,2020-11-21
Solano,9363.0,80.0,73,0,2020-11-22
Solano,9394.0,81.0,31,1,2020-11-23
Solano,9716.0,81.0,322,0,2020-11-24
Solano,9832.0,81.0,116,0,2020-11-25
Solano,9941.0,81.0,109,0,2020-11-26
Solano,10044.0,81.0,103,0,2020-11-27
Solano,10252.0,81.0,208,0,2020-11-28
Solano,10393.0,81.0,141,0,2020-11-29
Solano,10392.0,81.0,-1,0,2020-11-30
Solano,10604.0,81.0,212,0,2020-12-01
Solano,10701.0,81.0,97,0,2020-12-02
Solano,10857.0,81.0,156,0,2020-12-03
Solano,11037.0,85.0,180,4,2020-12-04
Solano,11351.0,85.0,314,0,2020-12-05
Solano,11354.0,85.0,3,0,2020-12-06
Solano,11354.0,85.0,0,0,2020-12-07
Solano,11669.0,85.0,315,0,2020-12-08
Solano,11862.0,90.0,193,5,2020-12-09
Solano,12017.0,91.0,155,1,2020-12-10
Solano,12554.0,91.0,537,0,2020-12-11
Solano,12748.0,91.0,194,0,2020-12-12
Solano,13276.0,91.0,528,0,2020-12-13
Solano,13352.0,91.0,76,0,2020-12-14
Monterey,1.0,0.0,1,0,2020-03-18
Monterey,3.0,0.0,2,0,2020-03-19
Monterey,4.0,0.0,1,0,2020-03-20
Monterey,8.0,1.0,4,1,2020-03-21
Monterey,14.0,1.0,6,0,2020-03-22
Monterey,14.0,1.0,0,0,2020-03-23
Monterey,23.0,1.0,9,0,2020-03-24
Monterey,23.0,1.0,0,0,2020-03-25
Monterey,25.0,1.0,2,0,2020-03-26
Monterey,26.0,1.0,1,0,2020-03-27
Monterey,32.0,1.0,6,0,2020-03-28
Monterey,36.0,1.0,4,0,2020-03-29
Monterey,41.0,1.0,5,0,2020-03-30
Monterey,43.0,2.0,2,1,2020-03-31
Monterey,47.0,2.0,4,0,2020-04-01
Monterey,50.0,2.0,3,0,2020-04-02
Monterey,58.0,2.0,8,0,2020-04-03
Monterey,61.0,2.0,3,0,2020-04-04
Monterey,61.0,2.0,0,0,2020-04-05
Monterey,62.0,2.0,1,0,2020-04-06
Monterey,63.0,2.0,1,0,2020-04-07
Monterey,68.0,3.0,5,1,2020-04-08
Monterey,70.0,3.0,2,0,2020-04-09
Monterey,78.0,3.0,8,0,2020-04-10
Monterey,78.0,3.0,0,0,2020-04-11
Monterey,85.0,3.0,7,0,2020-04-12
Monterey,89.0,3.0,4,0,2020-04-13
Monterey,98.0,3.0,9,0,2020-04-14
Monterey,106.0,3.0,8,0,2020-04-15
Monterey,116.0,3.0,10,0,2020-04-16
Monterey,119.0,3.0,3,0,2020-04-17
Monterey,135.0,3.0,16,0,2020-04-18
Monterey,140.0,4.0,5,1,2020-04-19
Monterey,147.0,4.0,7,0,2020-04-20
Monterey,151.0,4.0,4,0,2020-04-21
Monterey,154.0,4.0,3,0,2020-04-22
Monterey,161.0,4.0,7,0,2020-04-23
Monterey,167.0,4.0,6,0,2020-04-24
Monterey,173.0,4.0,6,0,2020-04-25
Monterey,182.0,4.0,9,0,2020-04-26
Monterey,185.0,4.0,3,0,2020-04-27
Monterey,191.0,4.0,6,0,2020-04-28
Monterey,204.0,5.0,13,1,2020-04-29
Monterey,213.0,5.0,9,0,2020-04-30
Monterey,222.0,5.0,9,0,2020-05-01
Monterey,225.0,6.0,3,1,2020-05-02
Monterey,235.0,6.0,10,0,2020-05-03
Monterey,237.0,6.0,2,0,2020-05-04
Monterey,240.0,6.0,3,0,2020-05-05
Monterey,246.0,6.0,6,0,2020-05-06
Monterey,249.0,6.0,3,0,2020-05-07
Monterey,265.0,6.0,16,0,2020-05-08
Monterey,273.0,6.0,8,0,2020-05-09
Monterey,282.0,6.0,9,0,2020-05-10
Monterey,286.0,6.0,4,0,2020-05-11
Monterey,298.0,6.0,12,0,2020-05-12
Monterey,309.0,6.0,11,0,2020-05-13
Monterey,317.0,6.0,8,0,2020-05-14
Monterey,321.0,8.0,4,2,2020-05-15
Monterey,329.0,8.0,8,0,2020-05-16
Monterey,342.0,8.0,13,0,2020-05-17
Monterey,345.0,8.0,3,0,2020-05-18
Monterey,350.0,8.0,5,0,2020-05-19
Monterey,356.0,8.0,6,0,2020-05-20
Monterey,363.0,8.0,7,0,2020-05-21
Monterey,372.0,8.0,9,0,2020-05-22
Monterey,397.0,8.0,25,0,2020-05-23
Monterey,405.0,8.0,8,0,2020-05-24
Monterey,418.0,8.0,13,0,2020-05-25
Monterey,424.0,8.0,6,0,2020-05-26
Monterey,443.0,8.0,19,0,2020-05-27
Monterey,471.0,8.0,28,0,2020-05-28
Monterey,479.0,10.0,8,2,2020-05-29
Monterey,520.0,10.0,41,0,2020-05-30
Monterey,545.0,10.0,25,0,2020-05-31
Monterey,554.0,10.0,9,0,2020-06-01
Monterey,582.0,10.0,28,0,2020-06-02
Monterey,592.0,10.0,10,0,2020-06-03
Monterey,621.0,10.0,29,0,2020-06-04
Monterey,649.0,10.0,28,0,2020-06-05
Monterey,679.0,10.0,30,0,2020-06-06
Monterey,732.0,10.0,53,0,2020-06-07
Monterey,751.0,10.0,19,0,2020-06-08
Monterey,772.0,11.0,21,1,2020-06-09
Monterey,791.0,11.0,19,0,2020-06-10
Monterey,813.0,11.0,22,0,2020-06-11
Monterey,864.0,11.0,51,0,2020-06-12
Monterey,900.0,11.0,36,0,2020-06-13
Monterey,949.0,12.0,49,1,2020-06-14
Monterey,998.0,12.0,49,0,2020-06-15
Monterey,1019.0,12.0,21,0,2020-06-16
Monterey,1077.0,12.0,58,0,2020-06-17
Monterey,1127.0,12.0,50,0,2020-06-18
Monterey,1159.0,12.0,32,0,2020-06-19
Monterey,1181.0,12.0,22,0,2020-06-20
Monterey,1227.0,12.0,46,0,2020-06-21
Monterey,1293.0,12.0,66,0,2020-06-22
Monterey,1346.0,12.0,53,0,2020-06-23
Monterey,1407.0,12.0,61,0,2020-06-24
Monterey,1430.0,12.0,23,0,2020-06-25
Monterey,1454.0,12.0,24,0,2020-06-26
Monterey,1462.0,12.0,8,0,2020-06-27
Monterey,1579.0,12.0,117,0,2020-06-28
Monterey,1656.0,14.0,77,2,2020-06-29
Monterey,1687.0,15.0,31,1,2020-06-30
Monterey,1705.0,15.0,18,0,2020-07-01
Monterey,1796.0,15.0,91,0,2020-07-02
Monterey,1804.0,15.0,8,0,2020-07-03
Monterey,1878.0,15.0,74,0,2020-07-04
Monterey,1994.0,15.0,116,0,2020-07-05
Monterey,2078.0,15.0,84,0,2020-07-06
Monterey,2166.0,17.0,88,2,2020-07-07
Monterey,2182.0,17.0,16,0,2020-07-08
Monterey,2223.0,17.0,41,0,2020-07-09
Monterey,2285.0,18.0,62,1,2020-07-10
Monterey,2376.0,18.0,91,0,2020-07-11
Monterey,2521.0,18.0,145,0,2020-07-12
Monterey,2613.0,18.0,92,0,2020-07-13
Monterey,2724.0,18.0,111,0,2020-07-14
Monterey,2780.0,18.0,56,0,2020-07-15
Monterey,2857.0,18.0,77,0,2020-07-16
Monterey,2922.0,18.0,65,0,2020-07-17
Monterey,3020.0,18.0,98,0,2020-07-18
Monterey,3079.0,18.0,59,0,2020-07-19
Monterey,3205.0,19.0,126,1,2020-07-20
Monterey,3404.0,21.0,199,2,2020-07-21
Monterey,3533.0,21.0,129,0,2020-07-22
Monterey,3655.0,22.0,122,1,2020-07-23
Monterey,3748.0,22.0,93,0,2020-07-24
Monterey,3805.0,22.0,57,0,2020-07-25
Monterey,3901.0,23.0,96,1,2020-07-26
Monterey,3960.0,23.0,59,0,2020-07-27
Monterey,4047.0,24.0,87,1,2020-07-28
Monterey,4252.0,26.0,205,2,2020-07-29
Monterey,4352.0,26.0,100,0,2020-07-30
Monterey,4493.0,26.0,141,0,2020-07-31
Monterey,4611.0,30.0,118,4,2020-08-01
Monterey,4698.0,30.0,87,0,2020-08-02
Monterey,4806.0,30.0,108,0,2020-08-03
Monterey,4892.0,34.0,86,4,2020-08-04
Monterey,4936.0,34.0,44,0,2020-08-05
Monterey,5001.0,35.0,65,1,2020-08-06
Monterey,5041.0,35.0,40,0,2020-08-07
Monterey,5101.0,35.0,60,0,2020-08-08
Monterey,5199.0,35.0,98,0,2020-08-09
Monterey,5358.0,35.0,159,0,2020-08-10
Monterey,5624.0,37.0,266,2,2020-08-11
Monterey,5919.0,39.0,295,2,2020-08-12
Monterey,5925.0,40.0,6,1,2020-08-13
Monterey,6121.0,41.0,196,1,2020-08-14
Monterey,6162.0,46.0,41,5,2020-08-15
Monterey,6516.0,46.0,354,0,2020-08-16
Monterey,6553.0,46.0,37,0,2020-08-17
Monterey,6691.0,46.0,138,0,2020-08-18
Monterey,6693.0,47.0,2,1,2020-08-19
Monterey,6892.0,49.0,199,2,2020-08-20
Monterey,6974.0,51.0,82,2,2020-08-21
Monterey,7081.0,52.0,107,1,2020-08-22
Monterey,7173.0,52.0,92,0,2020-08-23
Monterey,7212.0,52.0,39,0,2020-08-24
Monterey,7333.0,53.0,121,1,2020-08-25
Monterey,7439.0,53.0,106,0,2020-08-26
Monterey,7501.0,53.0,62,0,2020-08-27
Monterey,7591.0,55.0,90,2,2020-08-28
Monterey,7680.0,55.0,89,0,2020-08-29
Monterey,7816.0,56.0,136,1,2020-08-30
Monterey,7839.0,58.0,23,2,2020-08-31
Monterey,7926.0,58.0,87,0,2020-09-01
Monterey,8070.0,58.0,144,0,2020-09-02
Monterey,8128.0,58.0,58,0,2020-09-03
Monterey,8208.0,58.0,80,0,2020-09-04
Monterey,8301.0,58.0,93,0,2020-09-05
Monterey,8403.0,58.0,102,0,2020-09-06
Monterey,8463.0,59.0,60,1,2020-09-07
Monterey,8491.0,62.0,28,3,2020-09-08
Monterey,8527.0,62.0,36,0,2020-09-09
Monterey,8570.0,62.0,43,0,2020-09-10
Monterey,8595.0,64.0,25,2,2020-09-11
Monterey,8743.0,64.0,148,0,2020-09-12
Monterey,8826.0,64.0,83,0,2020-09-13
Monterey,8845.0,64.0,19,0,2020-09-14
Monterey,8943.0,65.0,98,1,2020-09-15
Monterey,8997.0,65.0,54,0,2020-09-16
Monterey,9113.0,65.0,116,0,2020-09-17
Monterey,9183.0,66.0,70,1,2020-09-18
Monterey,9237.0,67.0,54,1,2020-09-19
Monterey,9312.0,67.0,75,0,2020-09-20
Monterey,9331.0,69.0,19,2,2020-09-21
Monterey,9393.0,70.0,62,1,2020-09-22
Monterey,9452.0,70.0,59,0,2020-09-23
Monterey,9544.0,70.0,92,0,2020-09-24
Monterey,9581.0,71.0,37,1,2020-09-25
Monterey,9651.0,71.0,70,0,2020-09-26
Monterey,9724.0,72.0,73,1,2020-09-27
Monterey,9780.0,72.0,56,0,2020-09-28
Monterey,9826.0,73.0,46,1,2020-09-29
Monterey,9898.0,73.0,72,0,2020-09-30
Monterey,9958.0,74.0,60,1,2020-10-01
Monterey,9997.0,74.0,39,0,2020-10-02
Monterey,10092.0,75.0,95,1,2020-10-03
Monterey,10141.0,75.0,49,0,2020-10-04
Monterey,10187.0,75.0,46,0,2020-10-05
Monterey,10235.0,75.0,48,0,2020-10-06
Monterey,10272.0,78.0,37,3,2020-10-07
Monterey,10343.0,78.0,71,0,2020-10-08
Monterey,10369.0,78.0,26,0,2020-10-09
Monterey,10410.0,78.0,41,0,2020-10-10
Monterey,10445.0,80.0,35,2,2020-10-11
Monterey,10473.0,80.0,28,0,2020-10-12
Monterey,10574.0,81.0,101,1,2020-10-13
Monterey,10616.0,81.0,42,0,2020-10-14
Monterey,10677.0,82.0,61,1,2020-10-15
Monterey,10727.0,82.0,50,0,2020-10-16
Monterey,10807.0,83.0,80,1,2020-10-17
Monterey,10872.0,83.0,65,0,2020-10-18
Monterey,10907.0,83.0,35,0,2020-10-19
Monterey,10942.0,84.0,35,1,2020-10-20
Monterey,11005.0,86.0,63,2,2020-10-21
Monterey,11059.0,87.0,54,1,2020-10-22
Monterey,11099.0,89.0,40,2,2020-10-23
Monterey,11153.0,91.0,54,2,2020-10-24
Monterey,11182.0,91.0,29,0,2020-10-25
Monterey,11207.0,90.0,25,-1,2020-10-26
Monterey,11261.0,91.0,54,1,2020-10-27
Monterey,11330.0,92.0,69,1,2020-10-28
Monterey,11425.0,95.0,95,3,2020-10-29
Monterey,11491.0,95.0,66,0,2020-10-30
Monterey,11539.0,96.0,48,1,2020-10-31
Monterey,11587.0,96.0,48,0,2020-11-01
Monterey,11602.0,96.0,15,0,2020-11-02
Monterey,11703.0,97.0,101,1,2020-11-03
Monterey,11743.0,99.0,40,2,2020-11-04
Monterey,11784.0,99.0,41,0,2020-11-05
Monterey,11914.0,99.0,130,0,2020-11-06
Monterey,12025.0,101.0,111,2,2020-11-07
Monterey,12122.0,101.0,97,0,2020-11-08
Monterey,12148.0,101.0,26,0,2020-11-09
Monterey,12335.0,102.0,187,1,2020-11-10
Monterey,12417.0,103.0,82,1,2020-11-11
Monterey,12489.0,103.0,72,0,2020-11-12
Monterey,12681.0,107.0,192,4,2020-11-13
Monterey,12854.0,108.0,173,1,2020-11-14
Monterey,12999.0,110.0,145,2,2020-11-15
Monterey,13089.0,110.0,90,0,2020-11-16
Monterey,13220.0,111.0,131,1,2020-11-17
Monterey,13340.0,111.0,120,0,2020-11-18
Monterey,13369.0,111.0,29,0,2020-11-19
Monterey,13738.0,113.0,369,2,2020-11-20
Monterey,13886.0,113.0,148,0,2020-11-21
Monterey,13887.0,114.0,1,1,2020-11-22
Monterey,14265.0,115.0,378,1,2020-11-23
Monterey,14354.0,116.0,89,1,2020-11-24
Monterey,14695.0,116.0,341,0,2020-11-25
Monterey,14750.0,116.0,55,0,2020-11-26
Monterey,14753.0,116.0,3,0,2020-11-27
Monterey,15328.0,121.0,575,5,2020-11-28
Monterey,15621.0,122.0,293,1,2020-11-29
Monterey,15837.0,122.0,216,0,2020-11-30
Monterey,15835.0,123.0,-2,1,2020-12-01
Monterey,16064.0,124.0,229,1,2020-12-02
Monterey,16218.0,128.0,154,4,2020-12-03
Monterey,16737.0,130.0,519,2,2020-12-04
Monterey,17077.0,130.0,340,0,2020-12-05
Monterey,17426.0,134.0,349,4,2020-12-06
Monterey,17746.0,136.0,320,2,2020-12-07
Monterey,17752.0,136.0,6,0,2020-12-08
Monterey,17891.0,146.0,139,10,2020-12-09
Monterey,18266.0,148.0,375,2,2020-12-10
Monterey,18421.0,153.0,155,5,2020-12-11
Monterey,18596.0,154.0,175,1,2020-12-12
Monterey,18913.0,156.0,317,2,2020-12-13
Monterey,19154.0,158.0,241,2,2020-12-14
Yuba,0.0,0.0,0,0,2020-03-18
Yuba,0.0,0.0,0,0,2020-03-19
Yuba,0.0,0.0,0,0,2020-03-20
Yuba,1.0,0.0,1,0,2020-03-21
Yuba,2.0,0.0,1,0,2020-03-22
Yuba,2.0,0.0,0,0,2020-03-23
Yuba,2.0,0.0,0,0,2020-03-24
Yuba,2.0,0.0,0,0,2020-03-25
Yuba,3.0,0.0,1,0,2020-03-26
Yuba,3.0,0.0,0,0,2020-03-27
Yuba,3.0,0.0,0,0,2020-03-28
Yuba,3.0,0.0,0,0,2020-03-29
Yuba,5.0,0.0,2,0,2020-03-30
Yuba,5.0,0.0,0,0,2020-03-31
Yuba,5.0,0.0,0,0,2020-04-01
Yuba,5.0,0.0,0,0,2020-04-02
Yuba,6.0,0.0,1,0,2020-04-03
Yuba,7.0,0.0,1,0,2020-04-04
Yuba,7.0,0.0,0,0,2020-04-05
Yuba,8.0,0.0,1,0,2020-04-06
Yuba,10.0,0.0,2,0,2020-04-07
Yuba,10.0,0.0,0,0,2020-04-08
Yuba,13.0,0.0,3,0,2020-04-09
Yuba,13.0,1.0,0,1,2020-04-10
Yuba,13.0,1.0,0,0,2020-04-11
Yuba,13.0,1.0,0,0,2020-04-12
Yuba,13.0,1.0,0,0,2020-04-13
Yuba,14.0,1.0,1,0,2020-04-14
Yuba,15.0,1.0,1,0,2020-04-15
Yuba,14.0,1.0,-1,0,2020-04-16
Yuba,14.0,1.0,0,0,2020-04-17
Yuba,14.0,1.0,0,0,2020-04-18
Yuba,15.0,1.0,1,0,2020-04-19
Yuba,15.0,1.0,0,0,2020-04-20
Yuba,15.0,1.0,0,0,2020-04-21
Yuba,15.0,1.0,0,0,2020-04-22
Yuba,15.0,1.0,0,0,2020-04-23
Yuba,15.0,1.0,0,0,2020-04-24
Yuba,15.0,1.0,0,0,2020-04-25
Yuba,15.0,1.0,0,0,2020-04-26
Yuba,15.0,1.0,0,0,2020-04-27
Yuba,15.0,1.0,0,0,2020-04-28
Yuba,15.0,1.0,0,0,2020-04-29
Yuba,15.0,1.0,0,0,2020-04-30
Yuba,16.0,1.0,1,0,2020-05-01
Yuba,16.0,1.0,0,0,2020-05-02
Yuba,16.0,1.0,0,0,2020-05-03
Yuba,16.0,1.0,0,0,2020-05-04
Yuba,15.0,1.0,-1,0,2020-05-05
Yuba,15.0,1.0,0,0,2020-05-06
Yuba,16.0,1.0,1,0,2020-05-07
Yuba,16.0,1.0,0,0,2020-05-08
Yuba,17.0,1.0,1,0,2020-05-09
Yuba,17.0,1.0,0,0,2020-05-10
Yuba,18.0,1.0,1,0,2020-05-11
Yuba,19.0,1.0,1,0,2020-05-12
Yuba,19.0,1.0,0,0,2020-05-13
Yuba,21.0,1.0,2,0,2020-05-14
Yuba,21.0,1.0,0,0,2020-05-15
Yuba,21.0,1.0,0,0,2020-05-16
Yuba,21.0,1.0,0,0,2020-05-17
Yuba,23.0,1.0,2,0,2020-05-18
Yuba,23.0,1.0,0,0,2020-05-19
Yuba,23.0,1.0,0,0,2020-05-20
Yuba,24.0,1.0,1,0,2020-05-21
Yuba,24.0,1.0,0,0,2020-05-22
Yuba,24.0,1.0,0,0,2020-05-23
Yuba,24.0,1.0,0,0,2020-05-24
Yuba,24.0,1.0,0,0,2020-05-25
Yuba,24.0,1.0,0,0,2020-05-26
Yuba,24.0,1.0,0,0,2020-05-27
Yuba,24.0,1.0,0,0,2020-05-28
Yuba,25.0,1.0,1,0,2020-05-29
Yuba,25.0,1.0,0,0,2020-05-30
Yuba,26.0,1.0,1,0,2020-05-31
Yuba,26.0,1.0,0,0,2020-06-01
Yuba,27.0,1.0,1,0,2020-06-02
Yuba,27.0,1.0,0,0,2020-06-03
Yuba,27.0,1.0,0,0,2020-06-04
Yuba,27.0,1.0,0,0,2020-06-05
Yuba,27.0,1.0,0,0,2020-06-06
Yuba,27.0,1.0,0,0,2020-06-07
Yuba,27.0,1.0,0,0,2020-06-08
Yuba,27.0,1.0,0,0,2020-06-09
Yuba,27.0,1.0,0,0,2020-06-10
Yuba,27.0,1.0,0,0,2020-06-11
Yuba,27.0,1.0,0,0,2020-06-12
Yuba,28.0,1.0,1,0,2020-06-13
Yuba,28.0,1.0,0,0,2020-06-14
Yuba,28.0,1.0,0,0,2020-06-15
Yuba,29.0,4.0,1,3,2020-06-16
Yuba,30.0,4.0,1,0,2020-06-17
Yuba,32.0,4.0,2,0,2020-06-18
Yuba,33.0,1.0,1,-3,2020-06-19
Yuba,34.0,1.0,1,0,2020-06-20
Yuba,35.0,1.0,1,0,2020-06-21
Yuba,36.0,1.0,1,0,2020-06-22
Yuba,35.0,1.0,-1,0,2020-06-23
Yuba,37.0,1.0,2,0,2020-06-24
Yuba,38.0,1.0,1,0,2020-06-25
Yuba,38.0,1.0,0,0,2020-06-26
Yuba,39.0,1.0,1,0,2020-06-27
Yuba,39.0,1.0,0,0,2020-06-28
Yuba,55.0,1.0,16,0,2020-06-29
Yuba,56.0,1.0,1,0,2020-06-30
Yuba,79.0,1.0,23,0,2020-07-01
Yuba,93.0,1.0,14,0,2020-07-02
Yuba,96.0,1.0,3,0,2020-07-03
Yuba,102.0,2.0,6,1,2020-07-04
Yuba,115.0,2.0,13,0,2020-07-05
Yuba,124.0,2.0,9,0,2020-07-06
Yuba,138.0,2.0,14,0,2020-07-07
Yuba,145.0,2.0,7,0,2020-07-08
Yuba,152.0,3.0,7,1,2020-07-09
Yuba,164.0,3.0,12,0,2020-07-10
Yuba,175.0,3.0,11,0,2020-07-11
Yuba,188.0,3.0,13,0,2020-07-12
Yuba,194.0,3.0,6,0,2020-07-13
Yuba,210.0,3.0,16,0,2020-07-14
Yuba,221.0,3.0,11,0,2020-07-15
Yuba,221.0,3.0,0,0,2020-07-16
Yuba,231.0,3.0,10,0,2020-07-17
Yuba,237.0,3.0,6,0,2020-07-18
Yuba,240.0,3.0,3,0,2020-07-19
Yuba,258.0,3.0,18,0,2020-07-20
Yuba,269.0,3.0,11,0,2020-07-21
Yuba,288.0,3.0,19,0,2020-07-22
Yuba,297.0,3.0,9,0,2020-07-23
Yuba,307.0,3.0,10,0,2020-07-24
Yuba,312.0,3.0,5,0,2020-07-25
Yuba,313.0,3.0,1,0,2020-07-26
Yuba,328.0,3.0,15,0,2020-07-27
Yuba,333.0,3.0,5,0,2020-07-28
Yuba,350.0,4.0,17,1,2020-07-29
Yuba,362.0,4.0,12,0,2020-07-30
Yuba,369.0,4.0,7,0,2020-07-31
Yuba,387.0,4.0,18,0,2020-08-01
Yuba,393.0,4.0,6,0,2020-08-02
Yuba,393.0,4.0,0,0,2020-08-03
Yuba,398.0,4.0,5,0,2020-08-04
Yuba,400.0,4.0,2,0,2020-08-05
Yuba,407.0,4.0,7,0,2020-08-06
Yuba,413.0,4.0,6,0,2020-08-07
Yuba,430.0,4.0,17,0,2020-08-08
Yuba,442.0,4.0,12,0,2020-08-09
Yuba,527.0,4.0,85,0,2020-08-10
Yuba,540.0,4.0,13,0,2020-08-11
Yuba,549.0,4.0,9,0,2020-08-12
Yuba,568.0,4.0,19,0,2020-08-13
Yuba,606.0,4.0,38,0,2020-08-14
Yuba,623.0,4.0,17,0,2020-08-15
Yuba,647.0,4.0,24,0,2020-08-16
Yuba,647.0,4.0,0,0,2020-08-17
Yuba,679.0,4.0,32,0,2020-08-18
Yuba,701.0,4.0,22,0,2020-08-19
Yuba,709.0,4.0,8,0,2020-08-20
Yuba,717.0,4.0,8,0,2020-08-21
Yuba,738.0,4.0,21,0,2020-08-22
Yuba,750.0,4.0,12,0,2020-08-23
Yuba,750.0,4.0,0,0,2020-08-24
Yuba,775.0,5.0,25,1,2020-08-25
Yuba,779.0,5.0,4,0,2020-08-26
Yuba,807.0,6.0,28,1,2020-08-27
Yuba,810.0,6.0,3,0,2020-08-28
Yuba,822.0,6.0,12,0,2020-08-29
Yuba,832.0,6.0,10,0,2020-08-30
Yuba,830.0,6.0,-2,0,2020-08-31
Yuba,841.0,6.0,11,0,2020-09-01
Yuba,856.0,6.0,15,0,2020-09-02
Yuba,867.0,6.0,11,0,2020-09-03
Yuba,884.0,6.0,17,0,2020-09-04
Yuba,902.0,6.0,18,0,2020-09-05
Yuba,913.0,6.0,11,0,2020-09-06
Yuba,923.0,6.0,10,0,2020-09-07
Yuba,923.0,7.0,0,1,2020-09-08
Yuba,936.0,7.0,13,0,2020-09-09
Yuba,941.0,7.0,5,0,2020-09-10
Yuba,946.0,7.0,5,0,2020-09-11
Yuba,963.0,7.0,17,0,2020-09-12
Yuba,967.0,7.0,4,0,2020-09-13
Yuba,977.0,7.0,10,0,2020-09-14
Yuba,991.0,7.0,14,0,2020-09-15
Yuba,1000.0,7.0,9,0,2020-09-16
Yuba,1015.0,7.0,15,0,2020-09-17
Yuba,1020.0,7.0,5,0,2020-09-18
Yuba,1023.0,7.0,3,0,2020-09-19
Yuba,1029.0,7.0,6,0,2020-09-20
Yuba,1033.0,7.0,4,0,2020-09-21
Yuba,1035.0,7.0,2,0,2020-09-22
Yuba,1038.0,7.0,3,0,2020-09-23
Yuba,1042.0,7.0,4,0,2020-09-24
Yuba,1049.0,7.0,7,0,2020-09-25
Yuba,1056.0,7.0,7,0,2020-09-26
Yuba,1059.0,7.0,3,0,2020-09-27
Yuba,1062.0,8.0,3,1,2020-09-28
Yuba,1071.0,8.0,9,0,2020-09-29
Yuba,1075.0,8.0,4,0,2020-09-30
Yuba,1082.0,8.0,7,0,2020-10-01
Yuba,1090.0,8.0,8,0,2020-10-02
Yuba,1097.0,9.0,7,1,2020-10-03
Yuba,1103.0,9.0,6,0,2020-10-04
Yuba,1108.0,9.0,5,0,2020-10-05
Yuba,1114.0,10.0,6,1,2020-10-06
Yuba,1120.0,10.0,6,0,2020-10-07
Yuba,1126.0,10.0,6,0,2020-10-08
Yuba,1129.0,10.0,3,0,2020-10-09
Yuba,1134.0,10.0,5,0,2020-10-10
Yuba,1137.0,10.0,3,0,2020-10-11
Yuba,1141.0,10.0,4,0,2020-10-12
Yuba,1143.0,10.0,2,0,2020-10-13
Yuba,1147.0,10.0,4,0,2020-10-14
Yuba,1151.0,10.0,4,0,2020-10-15
Yuba,1155.0,10.0,4,0,2020-10-16
Yuba,1164.0,10.0,9,0,2020-10-17
Yuba,1176.0,10.0,12,0,2020-10-18
Yuba,1183.0,10.0,7,0,2020-10-19
Yuba,1191.0,10.0,8,0,2020-10-20
Yuba,1194.0,10.0,3,0,2020-10-21
Yuba,1199.0,10.0,5,0,2020-10-22
Yuba,1206.0,10.0,7,0,2020-10-23
Yuba,1210.0,10.0,4,0,2020-10-24
Yuba,1219.0,10.0,9,0,2020-10-25
Yuba,1226.0,10.0,7,0,2020-10-26
Yuba,1235.0,10.0,9,0,2020-10-27
Yuba,1245.0,10.0,10,0,2020-10-28
Yuba,1248.0,10.0,3,0,2020-10-29
Yuba,1256.0,10.0,8,0,2020-10-30
Yuba,1260.0,10.0,4,0,2020-10-31
Yuba,1273.0,10.0,13,0,2020-11-01
Yuba,1280.0,10.0,7,0,2020-11-02
Yuba,1295.0,10.0,15,0,2020-11-03
Yuba,1312.0,10.0,17,0,2020-11-04
Yuba,1322.0,10.0,10,0,2020-11-05
Yuba,1335.0,10.0,13,0,2020-11-06
Yuba,1344.0,10.0,9,0,2020-11-07
Yuba,1369.0,10.0,25,0,2020-11-08
Yuba,1380.0,10.0,11,0,2020-11-09
Yuba,1392.0,10.0,12,0,2020-11-10
Yuba,1400.0,10.0,8,0,2020-11-11
Yuba,1410.0,10.0,10,0,2020-11-12
Yuba,1435.0,10.0,25,0,2020-11-13
Yuba,1453.0,10.0,18,0,2020-11-14
Yuba,1470.0,10.0,17,0,2020-11-15
Yuba,1500.0,10.0,30,0,2020-11-16
Yuba,1519.0,10.0,19,0,2020-11-17
Yuba,1540.0,10.0,21,0,2020-11-18
Yuba,1568.0,10.0,28,0,2020-11-19
Yuba,1611.0,10.0,43,0,2020-11-20
Yuba,1643.0,10.0,32,0,2020-11-21
Yuba,1672.0,10.0,29,0,2020-11-22
Yuba,1702.0,10.0,30,0,2020-11-23
Yuba,1804.0,10.0,102,0,2020-11-24
Yuba,1840.0,10.0,36,0,2020-11-25
Yuba,1865.0,10.0,25,0,2020-11-26
Yuba,1864.0,10.0,-1,0,2020-11-27
Yuba,1912.0,10.0,48,0,2020-11-28
Yuba,1959.0,10.0,47,0,2020-11-29
Yuba,2028.0,10.0,69,0,2020-11-30
Yuba,2088.0,10.0,60,0,2020-12-01
Yuba,2119.0,10.0,31,0,2020-12-02
Yuba,2182.0,11.0,63,1,2020-12-03
Yuba,2225.0,11.0,43,0,2020-12-04
Yuba,2275.0,11.0,50,0,2020-12-05
Yuba,2340.0,11.0,65,0,2020-12-06
Yuba,2428.0,11.0,88,0,2020-12-07
Yuba,2477.0,11.0,49,0,2020-12-08
Yuba,2513.0,10.0,36,-1,2020-12-09
Yuba,2604.0,10.0,91,0,2020-12-10
Yuba,2649.0,10.0,45,0,2020-12-11
Yuba,2692.0,10.0,43,0,2020-12-12
Yuba,2754.0,10.0,62,0,2020-12-13
Yuba,2851.0,10.0,97,0,2020-12-14
San Francisco,65.0,0.0,65,0,2020-03-18
San Francisco,80.0,0.0,15,0,2020-03-19
San Francisco,87.0,0.0,7,0,2020-03-20
San Francisco,106.0,0.0,19,0,2020-03-21
San Francisco,134.0,0.0,28,0,2020-03-22
San Francisco,152.0,0.0,18,0,2020-03-23
San Francisco,181.0,1.0,29,1,2020-03-24
San Francisco,213.0,2.0,32,1,2020-03-25
San Francisco,261.0,1.0,48,-1,2020-03-26
San Francisco,285.0,2.0,24,1,2020-03-27
San Francisco,300.0,3.0,15,1,2020-03-28
San Francisco,333.0,5.0,33,2,2020-03-29
San Francisco,368.0,5.0,35,0,2020-03-30
San Francisco,404.0,5.0,36,0,2020-03-31
San Francisco,432.0,6.0,28,1,2020-04-01
San Francisco,473.0,6.0,41,0,2020-04-02
San Francisco,506.0,6.0,33,0,2020-04-03
San Francisco,537.0,6.0,31,0,2020-04-04
San Francisco,559.0,6.0,22,0,2020-04-05
San Francisco,586.0,6.0,27,0,2020-04-06
San Francisco,636.0,6.0,50,0,2020-04-07
San Francisco,687.0,7.0,51,1,2020-04-08
San Francisco,748.0,8.0,61,1,2020-04-09
San Francisco,797.0,12.0,49,4,2020-04-10
San Francisco,860.0,12.0,63,0,2020-04-11
San Francisco,886.0,12.0,26,0,2020-04-12
San Francisco,959.0,15.0,73,3,2020-04-13
San Francisco,968.0,15.0,9,0,2020-04-14
San Francisco,1006.0,17.0,38,2,2020-04-15
San Francisco,1039.0,17.0,33,0,2020-04-16
San Francisco,1090.0,20.0,51,3,2020-04-17
San Francisco,1144.0,20.0,54,0,2020-04-18
San Francisco,1153.0,20.0,9,0,2020-04-19
San Francisco,1223.0,20.0,70,0,2020-04-20
San Francisco,1232.0,20.0,9,0,2020-04-21
San Francisco,1255.0,21.0,23,1,2020-04-22
San Francisco,1312.0,21.0,57,0,2020-04-23
San Francisco,1345.0,22.0,33,1,2020-04-24
San Francisco,1341.0,22.0,-4,0,2020-04-25
San Francisco,1403.0,23.0,62,1,2020-04-26
San Francisco,1453.0,23.0,50,0,2020-04-27
San Francisco,1471.0,23.0,18,0,2020-04-28
San Francisco,1489.0,23.0,18,0,2020-04-29
San Francisco,1518.0,26.0,29,3,2020-04-30
San Francisco,1552.0,29.0,34,3,2020-05-01
San Francisco,1632.0,29.0,80,0,2020-05-02
San Francisco,1692.0,30.0,60,1,2020-05-03
San Francisco,1760.0,31.0,68,1,2020-05-04
San Francisco,1779.0,31.0,19,0,2020-05-05
San Francisco,1804.0,31.0,25,0,2020-05-06
San Francisco,1852.0,32.0,48,1,2020-05-07
San Francisco,1890.0,33.0,38,1,2020-05-08
San Francisco,1944.0,34.0,54,1,2020-05-09
San Francisco,1953.0,34.0,9,0,2020-05-10
San Francisco,1974.0,35.0,21,1,2020-05-11
San Francisco,1981.0,35.0,7,0,2020-05-12
San Francisco,2004.0,35.0,23,0,2020-05-13
San Francisco,2029.0,35.0,25,0,2020-05-14
San Francisco,2062.0,36.0,33,1,2020-05-15
San Francisco,2094.0,36.0,32,0,2020-05-16
San Francisco,2132.0,36.0,38,0,2020-05-17
San Francisco,2183.0,36.0,51,0,2020-05-18
San Francisco,2186.0,36.0,3,0,2020-05-19
San Francisco,2199.0,37.0,13,1,2020-05-20
San Francisco,2248.0,37.0,49,0,2020-05-21
San Francisco,2251.0,40.0,3,3,2020-05-22
San Francisco,2312.0,40.0,61,0,2020-05-23
San Francisco,2318.0,40.0,6,0,2020-05-24
San Francisco,2358.0,40.0,40,0,2020-05-25
San Francisco,2363.0,40.0,5,0,2020-05-26
San Francisco,2394.0,40.0,31,0,2020-05-27
San Francisco,2417.0,40.0,23,0,2020-05-28
San Francisco,2453.0,41.0,36,1,2020-05-29
San Francisco,2496.0,41.0,43,0,2020-05-30
San Francisco,2501.0,42.0,5,1,2020-05-31
San Francisco,2546.0,43.0,45,1,2020-06-01
San Francisco,2554.0,43.0,8,0,2020-06-02
San Francisco,2608.0,43.0,54,0,2020-06-03
San Francisco,2636.0,43.0,28,0,2020-06-04
San Francisco,2675.0,43.0,39,0,2020-06-05
San Francisco,2674.0,43.0,-1,0,2020-06-06
San Francisco,2674.0,43.0,0,0,2020-06-07
San Francisco,2715.0,43.0,41,0,2020-06-08
San Francisco,2749.0,44.0,34,1,2020-06-09
San Francisco,2774.0,44.0,25,0,2020-06-10
San Francisco,2766.0,44.0,-8,0,2020-06-11
San Francisco,2823.0,44.0,57,0,2020-06-12
San Francisco,2834.0,44.0,11,0,2020-06-13
San Francisco,2834.0,45.0,0,1,2020-06-14
San Francisco,2833.0,45.0,-1,0,2020-06-15
San Francisco,2893.0,46.0,60,1,2020-06-16
San Francisco,2906.0,47.0,13,1,2020-06-17
San Francisco,2951.0,47.0,45,0,2020-06-18
San Francisco,2968.0,47.0,17,0,2020-06-19
San Francisco,2999.0,47.0,31,0,2020-06-20
San Francisco,3000.0,47.0,1,0,2020-06-21
San Francisco,3000.0,48.0,0,1,2020-06-22
San Francisco,3177.0,48.0,177,0,2020-06-23
San Francisco,3216.0,48.0,39,0,2020-06-24
San Francisco,3258.0,48.0,42,0,2020-06-25
San Francisco,3341.0,48.0,83,0,2020-06-26
San Francisco,3393.0,49.0,52,1,2020-06-27
San Francisco,3447.0,50.0,54,1,2020-06-28
San Francisco,3511.0,50.0,64,0,2020-06-29
San Francisco,3601.0,50.0,90,0,2020-06-30
San Francisco,3624.0,50.0,23,0,2020-07-01
San Francisco,3676.0,50.0,52,0,2020-07-02
San Francisco,3781.0,50.0,105,0,2020-07-03
San Francisco,3861.0,50.0,80,0,2020-07-04
San Francisco,3861.0,50.0,0,0,2020-07-05
San Francisco,3861.0,50.0,0,0,2020-07-06
San Francisco,4045.0,50.0,184,0,2020-07-07
San Francisco,4093.0,50.0,48,0,2020-07-08
San Francisco,4143.0,50.0,50,0,2020-07-09
San Francisco,4305.0,50.0,162,0,2020-07-10
San Francisco,4430.0,50.0,125,0,2020-07-11
San Francisco,4535.0,50.0,105,0,2020-07-12
San Francisco,4595.0,50.0,60,0,2020-07-13
San Francisco,4659.0,50.0,64,0,2020-07-14
San Francisco,4757.0,50.0,98,0,2020-07-15
San Francisco,4838.0,51.0,81,1,2020-07-16
San Francisco,4967.0,52.0,129,1,2020-07-17
San Francisco,5051.0,52.0,84,0,2020-07-18
San Francisco,5094.0,52.0,43,0,2020-07-19
San Francisco,5090.0,52.0,-4,0,2020-07-20
San Francisco,5377.0,53.0,287,1,2020-07-21
San Francisco,5473.0,53.0,96,0,2020-07-22
San Francisco,5543.0,55.0,70,2,2020-07-23
San Francisco,5611.0,56.0,68,1,2020-07-24
San Francisco,5644.0,56.0,33,0,2020-07-25
San Francisco,5823.0,56.0,179,0,2020-07-26
San Francisco,5825.0,56.0,2,0,2020-07-27
San Francisco,5888.0,56.0,63,0,2020-07-28
San Francisco,6041.0,57.0,153,1,2020-07-29
San Francisco,6107.0,58.0,66,1,2020-07-30
San Francisco,6126.0,59.0,19,1,2020-07-31
San Francisco,6296.0,61.0,170,2,2020-08-01
San Francisco,6297.0,61.0,1,0,2020-08-02
San Francisco,6319.0,61.0,22,0,2020-08-03
San Francisco,6568.0,61.0,249,0,2020-08-04
San Francisco,6701.0,62.0,133,1,2020-08-05
San Francisco,6737.0,63.0,36,1,2020-08-06
San Francisco,6765.0,64.0,28,1,2020-08-07
San Francisco,6820.0,67.0,55,3,2020-08-08
San Francisco,6820.0,67.0,0,0,2020-08-09
San Francisco,6816.0,67.0,-4,0,2020-08-10
San Francisco,6988.0,67.0,172,0,2020-08-11
San Francisco,7194.0,67.0,206,0,2020-08-12
San Francisco,7277.0,67.0,83,0,2020-08-13
San Francisco,7467.0,69.0,190,2,2020-08-14
San Francisco,7601.0,69.0,134,0,2020-08-15
San Francisco,7602.0,69.0,1,0,2020-08-16
San Francisco,7600.0,69.0,-2,0,2020-08-17
San Francisco,8016.0,70.0,416,1,2020-08-18
San Francisco,8236.0,72.0,220,2,2020-08-19
San Francisco,8262.0,72.0,26,0,2020-08-20
San Francisco,8375.0,72.0,113,0,2020-08-21
San Francisco,8568.0,74.0,193,2,2020-08-22
San Francisco,8564.0,77.0,-4,3,2020-08-23
San Francisco,8621.0,77.0,57,0,2020-08-24
San Francisco,8848.0,77.0,227,0,2020-08-25
San Francisco,8938.0,80.0,90,3,2020-08-26
San Francisco,9014.0,82.0,76,2,2020-08-27
San Francisco,9135.0,83.0,121,1,2020-08-28
San Francisco,9291.0,83.0,156,0,2020-08-29
San Francisco,9294.0,83.0,3,0,2020-08-30
San Francisco,9293.0,83.0,-1,0,2020-08-31
San Francisco,9492.0,83.0,199,0,2020-09-01
San Francisco,9587.0,84.0,95,1,2020-09-02
San Francisco,9636.0,84.0,49,0,2020-09-03
San Francisco,9694.0,84.0,58,0,2020-09-04
San Francisco,9812.0,86.0,118,2,2020-09-05
San Francisco,9813.0,86.0,1,0,2020-09-06
San Francisco,9813.0,86.0,0,0,2020-09-07
San Francisco,9821.0,86.0,8,0,2020-09-08
San Francisco,9996.0,87.0,175,1,2020-09-09
San Francisco,10082.0,88.0,86,1,2020-09-10
San Francisco,10133.0,89.0,51,1,2020-09-11
San Francisco,10257.0,90.0,124,1,2020-09-12
San Francisco,10254.0,91.0,-3,1,2020-09-13
San Francisco,10255.0,91.0,1,0,2020-09-14
San Francisco,10414.0,91.0,159,0,2020-09-15
San Francisco,10502.0,91.0,88,0,2020-09-16
San Francisco,10564.0,91.0,62,0,2020-09-17
San Francisco,10644.0,96.0,80,5,2020-09-18
San Francisco,10741.0,97.0,97,1,2020-09-19
San Francisco,10743.0,99.0,2,2,2020-09-20
San Francisco,10743.0,99.0,0,0,2020-09-21
San Francisco,10893.0,99.0,150,0,2020-09-22
San Francisco,10926.0,99.0,33,0,2020-09-23
San Francisco,10992.0,99.0,66,0,2020-09-24
San Francisco,11066.0,99.0,74,0,2020-09-25
San Francisco,11113.0,101.0,47,2,2020-09-26
San Francisco,11114.0,101.0,1,0,2020-09-27
San Francisco,11114.0,101.0,0,0,2020-09-28
San Francisco,11142.0,101.0,28,0,2020-09-29
San Francisco,11247.0,104.0,105,3,2020-09-30
San Francisco,11284.0,106.0,37,2,2020-10-01
San Francisco,11398.0,107.0,114,1,2020-10-02
San Francisco,11475.0,107.0,77,0,2020-10-03
San Francisco,11474.0,108.0,-1,1,2020-10-04
San Francisco,11476.0,108.0,2,0,2020-10-05
San Francisco,11513.0,111.0,37,3,2020-10-06
San Francisco,11551.0,114.0,38,3,2020-10-07
San Francisco,11608.0,115.0,57,1,2020-10-08
San Francisco,11620.0,121.0,12,6,2020-10-09
San Francisco,11663.0,123.0,43,2,2020-10-10
San Francisco,11659.0,123.0,-4,0,2020-10-11
San Francisco,11659.0,123.0,0,0,2020-10-12
San Francisco,11659.0,123.0,0,0,2020-10-13
San Francisco,11783.0,123.0,124,0,2020-10-14
San Francisco,11808.0,126.0,25,3,2020-10-15
San Francisco,11840.0,130.0,32,4,2020-10-16
San Francisco,11877.0,133.0,37,3,2020-10-17
San Francisco,11878.0,133.0,1,0,2020-10-18
San Francisco,11879.0,133.0,1,0,2020-10-19
San Francisco,12013.0,133.0,134,0,2020-10-20
San Francisco,11976.0,137.0,-37,4,2020-10-21
San Francisco,11991.0,138.0,15,1,2020-10-22
San Francisco,12015.0,140.0,24,2,2020-10-23
San Francisco,12073.0,140.0,58,0,2020-10-24
San Francisco,12072.0,140.0,-1,0,2020-10-25
San Francisco,12072.0,140.0,0,0,2020-10-26
San Francisco,12218.0,140.0,146,0,2020-10-27
San Francisco,12261.0,145.0,43,5,2020-10-28
San Francisco,12312.0,145.0,51,0,2020-10-29
San Francisco,12384.0,147.0,72,2,2020-10-30
San Francisco,12438.0,148.0,54,1,2020-10-31
San Francisco,12436.0,148.0,-2,0,2020-11-01
San Francisco,12436.0,148.0,0,0,2020-11-02
San Francisco,12585.0,149.0,149,1,2020-11-03
San Francisco,12649.0,149.0,64,0,2020-11-04
San Francisco,12726.0,149.0,77,0,2020-11-05
San Francisco,12825.0,151.0,99,2,2020-11-06
San Francisco,12980.0,151.0,155,0,2020-11-07
San Francisco,12985.0,151.0,5,0,2020-11-08
San Francisco,12984.0,151.0,-1,0,2020-11-09
San Francisco,13210.0,151.0,226,0,2020-11-10
San Francisco,13287.0,152.0,77,1,2020-11-11
San Francisco,13289.0,153.0,2,1,2020-11-12
San Francisco,13516.0,153.0,227,0,2020-11-13
San Francisco,13661.0,155.0,145,2,2020-11-14
San Francisco,13757.0,156.0,96,1,2020-11-15
San Francisco,13847.0,156.0,90,0,2020-11-16
San Francisco,13952.0,156.0,105,0,2020-11-17
San Francisco,14057.0,156.0,105,0,2020-11-18
San Francisco,14178.0,156.0,121,0,2020-11-19
San Francisco,14327.0,156.0,149,0,2020-11-20
San Francisco,14445.0,158.0,118,2,2020-11-21
San Francisco,14515.0,158.0,70,0,2020-11-22
San Francisco,14646.0,158.0,131,0,2020-11-23
San Francisco,14874.0,158.0,228,0,2020-11-24
San Francisco,15053.0,160.0,179,2,2020-11-25
San Francisco,15156.0,160.0,103,0,2020-11-26
San Francisco,15377.0,160.0,221,0,2020-11-27
San Francisco,15450.0,160.0,73,0,2020-11-28
San Francisco,15571.0,160.0,121,0,2020-11-29
San Francisco,15638.0,160.0,67,0,2020-11-30
San Francisco,15797.0,160.0,159,0,2020-12-01
San Francisco,16058.0,160.0,261,0,2020-12-02
San Francisco,16236.0,161.0,178,1,2020-12-03
San Francisco,16499.0,162.0,263,1,2020-12-04
San Francisco,16786.0,164.0,287,2,2020-12-05
San Francisco,17107.0,164.0,321,0,2020-12-06
San Francisco,17220.0,164.0,113,0,2020-12-07
San Francisco,17384.0,164.0,164,0,2020-12-08
San Francisco,17628.0,164.0,244,0,2020-12-09
San Francisco,17945.0,165.0,317,1,2020-12-10
San Francisco,18246.0,167.0,301,2,2020-12-11
San Francisco,18413.0,167.0,167,0,2020-12-12
San Francisco,18686.0,167.0,273,0,2020-12-13
San Francisco,18904.0,167.0,218,0,2020-12-14
Orange,38.0,0.0,38,0,2020-03-18
Orange,59.0,0.0,21,0,2020-03-19
Orange,71.0,0.0,12,0,2020-03-20
Orange,85.0,0.0,14,0,2020-03-21
Orange,102.0,0.0,17,0,2020-03-22
Orange,138.0,0.0,36,0,2020-03-23
Orange,166.0,0.0,28,0,2020-03-24
Orange,214.0,1.0,48,1,2020-03-25
Orange,279.0,1.0,65,0,2020-03-26
Orange,299.0,2.0,20,1,2020-03-27
Orange,328.0,2.0,29,0,2020-03-28
Orange,343.0,2.0,15,0,2020-03-29
Orange,418.0,5.0,75,3,2020-03-30
Orange,506.0,7.0,88,2,2020-03-31
Orange,579.0,11.0,73,4,2020-04-01
Orange,640.0,12.0,61,1,2020-04-02
Orange,713.0,13.0,73,1,2020-04-03
Orange,781.0,15.0,68,2,2020-04-04
Orange,820.0,15.0,39,0,2020-04-05
Orange,910.0,17.0,90,2,2020-04-06
Orange,971.0,19.0,61,2,2020-04-07
Orange,1034.0,19.0,63,0,2020-04-08
Orange,1105.0,19.0,71,0,2020-04-09
Orange,1167.0,17.0,62,-2,2020-04-10
Orange,1267.0,21.0,100,4,2020-04-11
Orange,1283.0,21.0,16,0,2020-04-12
Orange,1313.0,21.0,30,0,2020-04-13
Orange,1362.0,21.0,49,0,2020-04-14
Orange,1377.0,22.0,15,1,2020-04-15
Orange,1439.0,26.0,62,4,2020-04-16
Orange,1496.0,28.0,57,2,2020-04-17
Orange,1569.0,32.0,73,4,2020-04-18
Orange,1591.0,32.0,22,0,2020-04-19
Orange,1679.0,33.0,88,1,2020-04-20
Orange,1717.0,33.0,38,0,2020-04-21
Orange,1785.0,34.0,68,1,2020-04-22
Orange,1841.0,36.0,56,2,2020-04-23
Orange,1945.0,39.0,104,3,2020-04-24
Orange,2047.0,39.0,102,0,2020-04-25
Orange,2124.0,40.0,77,1,2020-04-26
Orange,2198.0,42.0,74,2,2020-04-27
Orange,2324.0,42.0,126,0,2020-04-28
Orange,2421.0,44.0,97,2,2020-04-29
Orange,2591.0,46.0,170,2,2020-04-30
Orange,2660.0,51.0,69,5,2020-05-01
Orange,2774.0,52.0,114,1,2020-05-02
Orange,2859.0,55.0,85,3,2020-05-03
Orange,2931.0,57.0,72,2,2020-05-04
Orange,3041.0,61.0,110,4,2020-05-05
Orange,3156.0,65.0,115,4,2020-05-06
Orange,3283.0,66.0,127,1,2020-05-07
Orange,3395.0,72.0,112,6,2020-05-08
Orange,3506.0,75.0,111,3,2020-05-09
Orange,3627.0,76.0,121,1,2020-05-10
Orange,3699.0,78.0,72,2,2020-05-11
Orange,3843.0,78.0,144,0,2020-05-12
Orange,4025.0,80.0,182,2,2020-05-13
Orange,4163.0,80.0,138,0,2020-05-14
Orange,4281.0,84.0,118,4,2020-05-15
Orange,4396.0,87.0,115,3,2020-05-16
Orange,4466.0,88.0,70,1,2020-05-17
Orange,4558.0,88.0,92,0,2020-05-18
Orange,4746.0,88.0,188,0,2020-05-19
Orange,4866.0,98.0,120,10,2020-05-20
Orange,4975.0,112.0,109,14,2020-05-21
Orange,5144.0,118.0,169,6,2020-05-22
Orange,5313.0,130.0,169,12,2020-05-23
Orange,5439.0,131.0,126,1,2020-05-24
Orange,5601.0,131.0,162,0,2020-05-25
Orange,5651.0,131.0,50,0,2020-05-26
Orange,5849.0,136.0,198,5,2020-05-27
Orange,6045.0,142.0,196,6,2020-05-28
Orange,6176.0,145.0,131,3,2020-05-29
Orange,6354.0,146.0,178,1,2020-05-30
Orange,6532.0,147.0,178,1,2020-05-31
Orange,6640.0,147.0,108,0,2020-06-01
Orange,6790.0,150.0,150,3,2020-06-02
Orange,6939.0,158.0,149,8,2020-06-03
Orange,7192.0,165.0,253,7,2020-06-04
Orange,7391.0,174.0,199,9,2020-06-05
Orange,7576.0,176.0,185,2,2020-06-06
Orange,7643.0,177.0,67,1,2020-06-07
Orange,7786.0,177.0,143,0,2020-06-08
Orange,7991.0,185.0,205,8,2020-06-09
Orange,8222.0,198.0,231,13,2020-06-10
Orange,8304.0,202.0,82,4,2020-06-11
Orange,8440.0,210.0,136,8,2020-06-12
Orange,8581.0,217.0,141,7,2020-06-13
Orange,8744.0,221.0,163,4,2020-06-14
Orange,8944.0,221.0,200,0,2020-06-15
Orange,9163.0,233.0,219,12,2020-06-16
Orange,9278.0,244.0,115,11,2020-06-17
Orange,9597.0,250.0,319,6,2020-06-18
Orange,9972.0,257.0,375,7,2020-06-19
Orange,10284.0,267.0,312,10,2020-06-20
Orange,10563.0,269.0,279,2,2020-06-21
Orange,10711.0,275.0,148,6,2020-06-22
Orange,11071.0,275.0,360,0,2020-06-23
Orange,11804.0,299.0,733,24,2020-06-24
Orange,12302.0,306.0,498,7,2020-06-25
Orange,12768.0,323.0,466,17,2020-06-26
Orange,13091.0,323.0,323,0,2020-06-27
Orange,13589.0,326.0,498,3,2020-06-28
Orange,14552.0,330.0,963,4,2020-06-29
Orange,15201.0,340.0,649,10,2020-06-30
Orange,17035.0,345.0,1834,5,2020-07-01
Orange,17056.0,354.0,21,9,2020-07-02
Orange,18819.0,360.0,1763,6,2020-07-03
Orange,19247.0,363.0,428,3,2020-07-04
Orange,19430.0,366.0,183,3,2020-07-05
Orange,20167.0,366.0,737,0,2020-07-06
Orange,21741.0,369.0,1574,3,2020-07-07
Orange,22088.0,376.0,347,7,2020-07-08
Orange,22960.0,402.0,872,26,2020-07-09
Orange,23692.0,412.0,732,10,2020-07-10
Orange,24430.0,421.0,738,9,2020-07-11
Orange,25399.0,423.0,969,2,2020-07-12
Orange,25978.0,424.0,579,1,2020-07-13
Orange,26915.0,433.0,937,9,2020-07-14
Orange,27718.0,455.0,803,22,2020-07-15
Orange,28525.0,466.0,807,11,2020-07-16
Orange,28962.0,469.0,437,3,2020-07-17
Orange,29603.0,494.0,641,25,2020-07-18
Orange,29941.0,492.0,338,-2,2020-07-19
Orange,30337.0,493.0,396,1,2020-07-20
Orange,31356.0,513.0,1019,20,2020-07-21
Orange,32047.0,521.0,691,8,2020-07-22
Orange,32863.0,543.0,816,22,2020-07-23
Orange,33530.0,556.0,667,13,2020-07-24
Orange,33978.0,562.0,448,6,2020-07-25
Orange,34352.0,564.0,374,2,2020-07-26
Orange,34649.0,566.0,297,2,2020-07-27
Orange,34832.0,581.0,183,15,2020-07-28
Orange,35339.0,587.0,507,6,2020-07-29
Orange,36105.0,604.0,766,17,2020-07-30
Orange,36196.0,618.0,91,14,2020-07-31
Orange,36703.0,649.0,507,31,2020-08-01
Orange,37266.0,651.0,563,2,2020-08-02
Orange,37705.0,651.0,439,0,2020-08-03
Orange,37844.0,653.0,139,2,2020-08-04
Orange,37907.0,665.0,63,12,2020-08-05
Orange,38399.0,697.0,492,32,2020-08-06
Orange,38459.0,704.0,60,7,2020-08-07
Orange,38688.0,720.0,229,16,2020-08-08
Orange,39244.0,726.0,556,6,2020-08-09
Orange,40445.0,724.0,1201,-2,2020-08-10
Orange,41205.0,734.0,760,10,2020-08-11
Orange,41576.0,745.0,371,11,2020-08-12
Orange,42019.0,769.0,443,24,2020-08-13
Orange,42399.0,789.0,380,20,2020-08-14
Orange,42811.0,809.0,412,20,2020-08-15
Orange,43303.0,810.0,492,1,2020-08-16
Orange,43621.0,810.0,318,0,2020-08-17
Orange,43659.0,815.0,38,5,2020-08-18
Orange,43938.0,833.0,279,18,2020-08-19
Orange,44299.0,856.0,361,23,2020-08-20
Orange,44625.0,882.0,326,26,2020-08-21
Orange,45131.0,896.0,506,14,2020-08-22
Orange,45267.0,897.0,136,1,2020-08-23
Orange,45536.0,897.0,269,0,2020-08-24
Orange,45737.0,912.0,201,15,2020-08-25
Orange,46157.0,918.0,420,6,2020-08-26
Orange,46449.0,947.0,292,29,2020-08-27
Orange,46696.0,956.0,247,9,2020-08-28
Orange,47007.0,975.0,311,19,2020-08-29
Orange,47283.0,979.0,276,4,2020-08-30
Orange,47392.0,980.0,109,1,2020-08-31
Orange,47671.0,988.0,279,8,2020-09-01
Orange,47871.0,1007.0,200,19,2020-09-02
Orange,48226.0,1018.0,355,11,2020-09-03
Orange,48488.0,1042.0,262,24,2020-09-04
Orange,48726.0,1051.0,238,9,2020-09-05
Orange,48931.0,1053.0,205,2,2020-09-06
Orange,49132.0,1053.0,201,0,2020-09-07
Orange,49214.0,1056.0,82,3,2020-09-08
Orange,49394.0,1065.0,180,9,2020-09-09
Orange,49617.0,1069.0,223,4,2020-09-10
Orange,49755.0,1081.0,138,12,2020-09-11
Orange,49895.0,1093.0,140,12,2020-09-12
Orange,50061.0,1093.0,166,0,2020-09-13
Orange,50149.0,1093.0,88,0,2020-09-14
Orange,50294.0,1105.0,145,12,2020-09-15
Orange,50414.0,1111.0,120,6,2020-09-16
Orange,50537.0,1115.0,123,4,2020-09-17
Orange,50733.0,1123.0,196,8,2020-09-18
Orange,50999.0,1127.0,266,4,2020-09-19
Orange,51233.0,1128.0,234,1,2020-09-20
Orange,51363.0,1128.0,130,0,2020-09-21
Orange,51528.0,1150.0,165,22,2020-09-22
Orange,51658.0,1176.0,130,26,2020-09-23
Orange,51749.0,1182.0,91,6,2020-09-24
Orange,52031.0,1204.0,282,22,2020-09-25
Orange,52203.0,1214.0,172,10,2020-09-26
Orange,52458.0,1216.0,255,2,2020-09-27
Orange,52633.0,1216.0,175,0,2020-09-28
Orange,52755.0,1249.0,122,33,2020-09-29
Orange,52916.0,1268.0,161,19,2020-09-30
Orange,53088.0,1275.0,172,7,2020-10-01
Orange,53299.0,1281.0,211,6,2020-10-02
Orange,53573.0,1286.0,274,5,2020-10-03
Orange,53966.0,1286.0,393,0,2020-10-04
Orange,54103.0,1287.0,137,1,2020-10-05
Orange,54203.0,1289.0,100,2,2020-10-06
Orange,54332.0,1292.0,129,3,2020-10-07
Orange,54523.0,1306.0,191,14,2020-10-08
Orange,54746.0,1316.0,223,10,2020-10-09
Orange,54965.0,1340.0,219,24,2020-10-10
Orange,55202.0,1341.0,237,1,2020-10-11
Orange,55373.0,1341.0,171,0,2020-10-12
Orange,55515.0,1341.0,142,0,2020-10-13
Orange,55756.0,1360.0,241,19,2020-10-14
Orange,55952.0,1391.0,196,31,2020-10-15
Orange,56091.0,1401.0,139,10,2020-10-16
Orange,56197.0,1409.0,106,8,2020-10-17
Orange,56394.0,1409.0,197,0,2020-10-18
Orange,56652.0,1410.0,258,1,2020-10-19
Orange,56914.0,1412.0,262,2,2020-10-20
Orange,57189.0,1423.0,275,11,2020-10-21
Orange,57418.0,1434.0,229,11,2020-10-22
Orange,57595.0,1440.0,177,6,2020-10-23
Orange,57928.0,1444.0,333,4,2020-10-24
Orange,58185.0,1447.0,257,3,2020-10-25
Orange,58377.0,1447.0,192,0,2020-10-26
Orange,58550.0,1454.0,173,7,2020-10-27
Orange,58801.0,1467.0,251,13,2020-10-28
Orange,59046.0,1468.0,245,1,2020-10-29
Orange,59334.0,1475.0,288,7,2020-10-30
Orange,59488.0,1483.0,154,8,2020-10-31
Orange,59733.0,1484.0,245,1,2020-11-01
Orange,59996.0,1483.0,263,-1,2020-11-02
Orange,60283.0,1484.0,287,1,2020-11-03
Orange,60463.0,1491.0,180,7,2020-11-04
Orange,60740.0,1494.0,277,3,2020-11-05
Orange,61049.0,1503.0,309,9,2020-11-06
Orange,61383.0,1506.0,334,3,2020-11-07
Orange,62034.0,1509.0,651,3,2020-11-08
Orange,62335.0,1509.0,301,0,2020-11-09
Orange,62597.0,1512.0,262,3,2020-11-10
Orange,62929.0,1514.0,332,2,2020-11-11
Orange,63232.0,1520.0,303,6,2020-11-12
Orange,63804.0,1522.0,572,2,2020-11-13
Orange,64340.0,1524.0,536,2,2020-11-14
Orange,65008.0,1526.0,668,2,2020-11-15
Orange,65396.0,1526.0,388,0,2020-11-16
Orange,65757.0,1526.0,361,0,2020-11-17
Orange,66381.0,1528.0,624,2,2020-11-18
Orange,66998.0,1537.0,617,9,2020-11-19
Orange,68212.0,1540.0,1214,3,2020-11-20
Orange,69021.0,1551.0,809,11,2020-11-21
Orange,69913.0,1554.0,892,3,2020-11-22
Orange,71074.0,1554.0,1161,0,2020-11-23
Orange,71975.0,1556.0,901,2,2020-11-24
Orange,73014.0,1559.0,1039,3,2020-11-25
Orange,74264.0,1559.0,1250,0,2020-11-26
Orange,75151.0,1577.0,887,18,2020-11-27
Orange,76882.0,1577.0,1731,0,2020-11-28
Orange,78057.0,1577.0,1175,0,2020-11-29
Orange,78711.0,1577.0,654,0,2020-11-30
Orange,79468.0,1577.0,757,0,2020-12-01
Orange,81046.0,1578.0,1578,1,2020-12-02
Orange,82187.0,1586.0,1141,8,2020-12-03
Orange,83738.0,1603.0,1551,17,2020-12-04
Orange,85735.0,1618.0,1997,15,2020-12-05
Orange,87737.0,1633.0,2002,15,2020-12-06
Orange,89793.0,1633.0,2056,0,2020-12-07
Orange,91406.0,1633.0,1613,0,2020-12-08
Orange,93763.0,1633.0,2357,0,2020-12-09
Orange,95297.0,1640.0,1534,7,2020-12-10
Orange,98357.0,1662.0,3060,22,2020-12-11
Orange,100468.0,1680.0,2111,18,2020-12-12
Orange,104768.0,1694.0,4300,14,2020-12-13
Orange,108602.0,1694.0,3834,0,2020-12-14
Mono,0.0,0.0,0,0,2020-03-18
Mono,0.0,0.0,0,0,2020-03-19
Mono,0.0,0.0,0,0,2020-03-20
Mono,1.0,0.0,1,0,2020-03-21
Mono,1.0,0.0,0,0,2020-03-22
Mono,1.0,0.0,0,0,2020-03-23
Mono,1.0,0.0,0,0,2020-03-24
Mono,4.0,0.0,3,0,2020-03-25
Mono,5.0,0.0,1,0,2020-03-26
Mono,6.0,0.0,1,0,2020-03-27
Mono,6.0,0.0,0,0,2020-03-28
Mono,8.0,0.0,2,0,2020-03-29
Mono,11.0,0.0,3,0,2020-03-30
Mono,12.0,0.0,1,0,2020-03-31
Mono,12.0,1.0,0,1,2020-04-01
Mono,16.0,1.0,4,0,2020-04-02
Mono,18.0,1.0,2,0,2020-04-03
Mono,18.0,1.0,0,0,2020-04-04
Mono,18.0,1.0,0,0,2020-04-05
Mono,18.0,1.0,0,0,2020-04-06
Mono,18.0,1.0,0,0,2020-04-07
Mono,19.0,1.0,1,0,2020-04-08
Mono,19.0,1.0,0,0,2020-04-09
Mono,20.0,1.0,1,0,2020-04-10
Mono,20.0,1.0,0,0,2020-04-11
Mono,20.0,1.0,0,0,2020-04-12
Mono,21.0,1.0,1,0,2020-04-13
Mono,22.0,1.0,1,0,2020-04-14
Mono,22.0,1.0,0,0,2020-04-15
Mono,22.0,1.0,0,0,2020-04-16
Mono,22.0,1.0,0,0,2020-04-17
Mono,22.0,1.0,0,0,2020-04-18
Mono,23.0,1.0,1,0,2020-04-19
Mono,23.0,1.0,0,0,2020-04-20
Mono,23.0,1.0,0,0,2020-04-21
Mono,23.0,1.0,0,0,2020-04-22
Mono,23.0,1.0,0,0,2020-04-23
Mono,23.0,1.0,0,0,2020-04-24
Mono,23.0,1.0,0,0,2020-04-25
Mono,23.0,1.0,0,0,2020-04-26
Mono,23.0,1.0,0,0,2020-04-27
Mono,25.0,1.0,2,0,2020-04-28
Mono,25.0,1.0,0,0,2020-04-29
Mono,25.0,1.0,0,0,2020-04-30
Mono,25.0,1.0,0,0,2020-05-01
Mono,25.0,1.0,0,0,2020-05-02
Mono,25.0,1.0,0,0,2020-05-03
Mono,25.0,1.0,0,0,2020-05-04
Mono,25.0,1.0,0,0,2020-05-05
Mono,26.0,1.0,1,0,2020-05-06
Mono,26.0,1.0,0,0,2020-05-07
Mono,27.0,1.0,1,0,2020-05-08
Mono,27.0,1.0,0,0,2020-05-09
Mono,27.0,1.0,0,0,2020-05-10
Mono,30.0,1.0,3,0,2020-05-11
Mono,31.0,1.0,1,0,2020-05-12
Mono,31.0,1.0,0,0,2020-05-13
Mono,31.0,1.0,0,0,2020-05-14
Mono,31.0,1.0,0,0,2020-05-15
Mono,32.0,1.0,1,0,2020-05-16
Mono,32.0,1.0,0,0,2020-05-17
Mono,33.0,1.0,1,0,2020-05-18
Mono,33.0,1.0,0,0,2020-05-19
Mono,33.0,1.0,0,0,2020-05-20
Mono,33.0,1.0,0,0,2020-05-21
Mono,34.0,1.0,1,0,2020-05-22
Mono,34.0,1.0,0,0,2020-05-23
Mono,34.0,1.0,0,0,2020-05-24
Mono,34.0,1.0,0,0,2020-05-25
Mono,34.0,1.0,0,0,2020-05-26
Mono,34.0,1.0,0,0,2020-05-27
Mono,34.0,1.0,0,0,2020-05-28
Mono,34.0,1.0,0,0,2020-05-29
Mono,34.0,1.0,0,0,2020-05-30
Mono,34.0,1.0,0,0,2020-05-31
Mono,35.0,1.0,1,0,2020-06-01
Mono,35.0,1.0,0,0,2020-06-02
Mono,35.0,1.0,0,0,2020-06-03
Mono,35.0,1.0,0,0,2020-06-04
Mono,35.0,1.0,0,0,2020-06-05
Mono,35.0,1.0,0,0,2020-06-06
Mono,35.0,1.0,0,0,2020-06-07
Mono,35.0,1.0,0,0,2020-06-08
Mono,35.0,1.0,0,0,2020-06-09
Mono,35.0,1.0,0,0,2020-06-10
Mono,35.0,1.0,0,0,2020-06-11
Mono,35.0,1.0,0,0,2020-06-12
Mono,35.0,1.0,0,0,2020-06-13
Mono,34.0,1.0,-1,0,2020-06-14
Mono,34.0,1.0,0,0,2020-06-15
Mono,34.0,1.0,0,0,2020-06-16
Mono,34.0,1.0,0,0,2020-06-17
Mono,34.0,1.0,0,0,2020-06-18
Mono,34.0,1.0,0,0,2020-06-19
Mono,34.0,1.0,0,0,2020-06-20
Mono,34.0,1.0,0,0,2020-06-21
Mono,34.0,1.0,0,0,2020-06-22
Mono,35.0,1.0,1,0,2020-06-23
Mono,35.0,1.0,0,0,2020-06-24
Mono,35.0,1.0,0,0,2020-06-25
Mono,35.0,1.0,0,0,2020-06-26
Mono,35.0,1.0,0,0,2020-06-27
Mono,35.0,1.0,0,0,2020-06-28
Mono,35.0,1.0,0,0,2020-06-29
Mono,36.0,1.0,1,0,2020-06-30
Mono,37.0,1.0,1,0,2020-07-01
Mono,37.0,1.0,0,0,2020-07-02
Mono,37.0,1.0,0,0,2020-07-03
Mono,37.0,1.0,0,0,2020-07-04
Mono,39.0,1.0,2,0,2020-07-05
Mono,40.0,1.0,1,0,2020-07-06
Mono,42.0,1.0,2,0,2020-07-07
Mono,45.0,1.0,3,0,2020-07-08
Mono,45.0,1.0,0,0,2020-07-09
Mono,45.0,1.0,0,0,2020-07-10
Mono,45.0,1.0,0,0,2020-07-11
Mono,45.0,1.0,0,0,2020-07-12
Mono,47.0,1.0,2,0,2020-07-13
Mono,48.0,1.0,1,0,2020-07-14
Mono,52.0,1.0,4,0,2020-07-15
Mono,53.0,1.0,1,0,2020-07-16
Mono,54.0,1.0,1,0,2020-07-17
Mono,54.0,1.0,0,0,2020-07-18
Mono,63.0,1.0,9,0,2020-07-19
Mono,78.0,1.0,15,0,2020-07-20
Mono,79.0,1.0,1,0,2020-07-21
Mono,82.0,1.0,3,0,2020-07-22
Mono,82.0,1.0,0,0,2020-07-23
Mono,82.0,1.0,0,0,2020-07-24
Mono,82.0,1.0,0,0,2020-07-25
Mono,82.0,1.0,0,0,2020-07-26
Mono,99.0,1.0,17,0,2020-07-27
Mono,102.0,1.0,3,0,2020-07-28
Mono,102.0,1.0,0,0,2020-07-29
Mono,104.0,1.0,2,0,2020-07-30
Mono,104.0,1.0,0,0,2020-07-31
Mono,104.0,1.0,0,0,2020-08-01
Mono,104.0,1.0,0,0,2020-08-02
Mono,104.0,1.0,0,0,2020-08-03
Mono,104.0,1.0,0,0,2020-08-04
Mono,104.0,1.0,0,0,2020-08-05
Mono,111.0,1.0,7,0,2020-08-06
Mono,112.0,1.0,1,0,2020-08-07
Mono,113.0,1.0,1,0,2020-08-08
Mono,113.0,1.0,0,0,2020-08-09
Mono,123.0,1.0,10,0,2020-08-10
Mono,124.0,1.0,1,0,2020-08-11
Mono,124.0,1.0,0,0,2020-08-12
Mono,124.0,1.0,0,0,2020-08-13
Mono,126.0,1.0,2,0,2020-08-14
Mono,126.0,1.0,0,0,2020-08-15
Mono,126.0,1.0,0,0,2020-08-16
Mono,126.0,1.0,0,0,2020-08-17
Mono,129.0,1.0,3,0,2020-08-18
Mono,128.0,2.0,-1,1,2020-08-19
Mono,128.0,2.0,0,0,2020-08-20
Mono,128.0,2.0,0,0,2020-08-21
Mono,129.0,2.0,1,0,2020-08-22
Mono,129.0,2.0,0,0,2020-08-23
Mono,129.0,2.0,0,0,2020-08-24
Mono,129.0,2.0,0,0,2020-08-25
Mono,141.0,2.0,12,0,2020-08-26
Mono,145.0,2.0,4,0,2020-08-27
Mono,145.0,2.0,0,0,2020-08-28
Mono,145.0,2.0,0,0,2020-08-29
Mono,145.0,2.0,0,0,2020-08-30
Mono,145.0,2.0,0,0,2020-08-31
Mono,145.0,2.0,0,0,2020-09-01
Mono,145.0,2.0,0,0,2020-09-02
Mono,144.0,2.0,-1,0,2020-09-03
Mono,145.0,2.0,1,0,2020-09-04
Mono,145.0,2.0,0,0,2020-09-05
Mono,145.0,2.0,0,0,2020-09-06
Mono,145.0,2.0,0,0,2020-09-07
Mono,145.0,2.0,0,0,2020-09-08
Mono,145.0,2.0,0,0,2020-09-09
Mono,145.0,2.0,0,0,2020-09-10
Mono,145.0,2.0,0,0,2020-09-11
Mono,147.0,2.0,2,0,2020-09-12
Mono,147.0,2.0,0,0,2020-09-13
Mono,147.0,2.0,0,0,2020-09-14
Mono,147.0,2.0,0,0,2020-09-15
Mono,147.0,2.0,0,0,2020-09-16
Mono,147.0,2.0,0,0,2020-09-17
Mono,147.0,2.0,0,0,2020-09-18
Mono,147.0,2.0,0,0,2020-09-19
Mono,147.0,2.0,0,0,2020-09-20
Mono,147.0,2.0,0,0,2020-09-21
Mono,149.0,2.0,2,0,2020-09-22
Mono,149.0,2.0,0,0,2020-09-23
Mono,149.0,2.0,0,0,2020-09-24
Mono,149.0,2.0,0,0,2020-09-25
Mono,148.0,2.0,-1,0,2020-09-26
Mono,148.0,2.0,0,0,2020-09-27
Mono,148.0,2.0,0,0,2020-09-28
Mono,149.0,2.0,1,0,2020-09-29
Mono,150.0,2.0,1,0,2020-09-30
Mono,150.0,2.0,0,0,2020-10-01
Mono,150.0,2.0,0,0,2020-10-02
Mono,152.0,2.0,2,0,2020-10-03
Mono,152.0,2.0,0,0,2020-10-04
Mono,152.0,2.0,0,0,2020-10-05
Mono,153.0,2.0,1,0,2020-10-06
Mono,153.0,2.0,0,0,2020-10-07
Mono,153.0,2.0,0,0,2020-10-08
Mono,154.0,2.0,1,0,2020-10-09
Mono,154.0,2.0,0,0,2020-10-10
Mono,154.0,2.0,0,0,2020-10-11
Mono,154.0,2.0,0,0,2020-10-12
Mono,155.0,2.0,1,0,2020-10-13
Mono,155.0,2.0,0,0,2020-10-14
Mono,155.0,2.0,0,0,2020-10-15
Mono,155.0,2.0,0,0,2020-10-16
Mono,155.0,2.0,0,0,2020-10-17
Mono,155.0,2.0,0,0,2020-10-18
Mono,156.0,2.0,1,0,2020-10-19
Mono,156.0,2.0,0,0,2020-10-20
Mono,156.0,2.0,0,0,2020-10-21
Mono,156.0,2.0,0,0,2020-10-22
Mono,159.0,2.0,3,0,2020-10-23
Mono,167.0,2.0,8,0,2020-10-24
Mono,167.0,2.0,0,0,2020-10-25
Mono,167.0,2.0,0,0,2020-10-26
Mono,169.0,2.0,2,0,2020-10-27
Mono,176.0,2.0,7,0,2020-10-28
Mono,176.0,2.0,0,0,2020-10-29
Mono,193.0,2.0,17,0,2020-10-30
Mono,194.0,2.0,1,0,2020-10-31
Mono,211.0,2.0,17,0,2020-11-01
Mono,211.0,2.0,0,0,2020-11-02
Mono,210.0,2.0,-1,0,2020-11-03
Mono,237.0,2.0,27,0,2020-11-04
Mono,307.0,2.0,70,0,2020-11-05
Mono,308.0,2.0,1,0,2020-11-06
Mono,351.0,2.0,43,0,2020-11-07
Mono,352.0,2.0,1,0,2020-11-08
Mono,352.0,2.0,0,0,2020-11-09
Mono,443.0,2.0,91,0,2020-11-10
Mono,443.0,2.0,0,0,2020-11-11
Mono,442.0,2.0,-1,0,2020-11-12
Mono,448.0,2.0,6,0,2020-11-13
Mono,453.0,2.0,5,0,2020-11-14
Mono,453.0,2.0,0,0,2020-11-15
Mono,453.0,2.0,0,0,2020-11-16
Mono,459.0,2.0,6,0,2020-11-17
Mono,468.0,2.0,9,0,2020-11-18
Mono,468.0,2.0,0,0,2020-11-19
Mono,469.0,3.0,1,1,2020-11-20
Mono,469.0,3.0,0,0,2020-11-21
Mono,481.0,3.0,12,0,2020-11-22
Mono,480.0,3.0,-1,0,2020-11-23
Mono,483.0,3.0,3,0,2020-11-24
Mono,487.0,3.0,4,0,2020-11-25
Mono,485.0,3.0,-2,0,2020-11-26
Mono,498.0,3.0,13,0,2020-11-27
Mono,505.0,3.0,7,0,2020-11-28
Mono,515.0,3.0,10,0,2020-11-29
Mono,519.0,3.0,4,0,2020-11-30
Mono,520.0,3.0,1,0,2020-12-01
Mono,520.0,3.0,0,0,2020-12-02
Mono,527.0,3.0,7,0,2020-12-03
Mono,549.0,3.0,22,0,2020-12-04
Mono,554.0,3.0,5,0,2020-12-05
Mono,586.0,3.0,32,0,2020-12-06
Mono,590.0,3.0,4,0,2020-12-07
Mono,597.0,3.0,7,0,2020-12-08
Mono,601.0,3.0,4,0,2020-12-09
Mono,601.0,3.0,0,0,2020-12-10
Mono,631.0,3.0,30,0,2020-12-11
Mono,640.0,3.0,9,0,2020-12-12
Mono,675.0,3.0,35,0,2020-12-13
Mono,685.0,3.0,10,0,2020-12-14
Calaveras,2.0,0.0,2,0,2020-03-18
Calaveras,2.0,0.0,0,0,2020-03-19
Calaveras,2.0,0.0,0,0,2020-03-20
Calaveras,2.0,0.0,0,0,2020-03-21
Calaveras,2.0,0.0,0,0,2020-03-22
Calaveras,2.0,0.0,0,0,2020-03-23
Calaveras,2.0,0.0,0,0,2020-03-24
Calaveras,2.0,0.0,0,0,2020-03-25
Calaveras,2.0,0.0,0,0,2020-03-26
Calaveras,2.0,0.0,0,0,2020-03-27
Calaveras,2.0,0.0,0,0,2020-03-28
Calaveras,2.0,0.0,0,0,2020-03-29
Calaveras,3.0,0.0,1,0,2020-03-30
Calaveras,3.0,0.0,0,0,2020-03-31
Calaveras,3.0,0.0,0,0,2020-04-01
Calaveras,3.0,0.0,0,0,2020-04-02
Calaveras,3.0,0.0,0,0,2020-04-03
Calaveras,3.0,0.0,0,0,2020-04-04
Calaveras,3.0,0.0,0,0,2020-04-05
Calaveras,4.0,0.0,1,0,2020-04-06
Calaveras,5.0,0.0,1,0,2020-04-07
Calaveras,5.0,0.0,0,0,2020-04-08
Calaveras,5.0,0.0,0,0,2020-04-09
Calaveras,5.0,0.0,0,0,2020-04-10
Calaveras,5.0,0.0,0,0,2020-04-11
Calaveras,5.0,0.0,0,0,2020-04-12
Calaveras,5.0,0.0,0,0,2020-04-13
Calaveras,5.0,0.0,0,0,2020-04-14
Calaveras,9.0,0.0,4,0,2020-04-15
Calaveras,10.0,0.0,1,0,2020-04-16
Calaveras,11.0,0.0,1,0,2020-04-17
Calaveras,12.0,0.0,1,0,2020-04-18
Calaveras,12.0,0.0,0,0,2020-04-19
Calaveras,12.0,0.0,0,0,2020-04-20
Calaveras,12.0,0.0,0,0,2020-04-21
Calaveras,12.0,0.0,0,0,2020-04-22
Calaveras,12.0,0.0,0,0,2020-04-23
Calaveras,12.0,0.0,0,0,2020-04-24
Calaveras,12.0,0.0,0,0,2020-04-25
Calaveras,13.0,0.0,1,0,2020-04-26
Calaveras,13.0,0.0,0,0,2020-04-27
Calaveras,13.0,0.0,0,0,2020-04-28
Calaveras,13.0,0.0,0,0,2020-04-29
Calaveras,13.0,0.0,0,0,2020-04-30
Calaveras,13.0,0.0,0,0,2020-05-01
Calaveras,13.0,0.0,0,0,2020-05-02
Calaveras,13.0,0.0,0,0,2020-05-03
Calaveras,13.0,0.0,0,0,2020-05-04
Calaveras,13.0,0.0,0,0,2020-05-05
Calaveras,13.0,0.0,0,0,2020-05-06
Calaveras,13.0,0.0,0,0,2020-05-07
Calaveras,13.0,0.0,0,0,2020-05-08
Calaveras,13.0,0.0,0,0,2020-05-09
Calaveras,13.0,0.0,0,0,2020-05-10
Calaveras,13.0,0.0,0,0,2020-05-11
Calaveras,13.0,0.0,0,0,2020-05-12
Calaveras,13.0,0.0,0,0,2020-05-13
Calaveras,13.0,0.0,0,0,2020-05-14
Calaveras,13.0,0.0,0,0,2020-05-15
Calaveras,13.0,0.0,0,0,2020-05-16
Calaveras,13.0,0.0,0,0,2020-05-17
Calaveras,13.0,0.0,0,0,2020-05-18
Calaveras,13.0,0.0,0,0,2020-05-19
Calaveras,13.0,0.0,0,0,2020-05-20
Calaveras,13.0,0.0,0,0,2020-05-21
Calaveras,13.0,0.0,0,0,2020-05-22
Calaveras,13.0,0.0,0,0,2020-05-23
Calaveras,13.0,0.0,0,0,2020-05-24
Calaveras,13.0,0.0,0,0,2020-05-25
Calaveras,13.0,0.0,0,0,2020-05-26
Calaveras,15.0,0.0,2,0,2020-05-27
Calaveras,15.0,0.0,0,0,2020-05-28
Calaveras,15.0,0.0,0,0,2020-05-29
Calaveras,15.0,0.0,0,0,2020-05-30
Calaveras,15.0,0.0,0,0,2020-05-31
Calaveras,15.0,0.0,0,0,2020-06-01
Calaveras,15.0,0.0,0,0,2020-06-02
Calaveras,15.0,0.0,0,0,2020-06-03
Calaveras,15.0,0.0,0,0,2020-06-04
Calaveras,16.0,0.0,1,0,2020-06-05
Calaveras,16.0,0.0,0,0,2020-06-06
Calaveras,16.0,0.0,0,0,2020-06-07
Calaveras,16.0,0.0,0,0,2020-06-08
Calaveras,16.0,0.0,0,0,2020-06-09
Calaveras,16.0,0.0,0,0,2020-06-10
Calaveras,16.0,0.0,0,0,2020-06-11
Calaveras,18.0,0.0,2,0,2020-06-12
Calaveras,18.0,0.0,0,0,2020-06-13
Calaveras,18.0,0.0,0,0,2020-06-14
Calaveras,18.0,0.0,0,0,2020-06-15
Calaveras,19.0,0.0,1,0,2020-06-16
Calaveras,20.0,0.0,1,0,2020-06-17
Calaveras,20.0,0.0,0,0,2020-06-18
Calaveras,20.0,0.0,0,0,2020-06-19
Calaveras,20.0,0.0,0,0,2020-06-20
Calaveras,20.0,0.0,0,0,2020-06-21
Calaveras,20.0,0.0,0,0,2020-06-22
Calaveras,26.0,0.0,6,0,2020-06-23
Calaveras,26.0,0.0,0,0,2020-06-24
Calaveras,26.0,0.0,0,0,2020-06-25
Calaveras,30.0,0.0,4,0,2020-06-26
Calaveras,30.0,0.0,0,0,2020-06-27
Calaveras,31.0,0.0,1,0,2020-06-28
Calaveras,32.0,0.0,1,0,2020-06-29
Calaveras,35.0,0.0,3,0,2020-06-30
Calaveras,37.0,0.0,2,0,2020-07-01
Calaveras,42.0,0.0,5,0,2020-07-02
Calaveras,44.0,0.0,2,0,2020-07-03
Calaveras,45.0,0.0,1,0,2020-07-04
Calaveras,45.0,0.0,0,0,2020-07-05
Calaveras,45.0,0.0,0,0,2020-07-06
Calaveras,58.0,0.0,13,0,2020-07-07
Calaveras,58.0,0.0,0,0,2020-07-08
Calaveras,59.0,0.0,1,0,2020-07-09
Calaveras,61.0,0.0,2,0,2020-07-10
Calaveras,62.0,0.0,1,0,2020-07-11
Calaveras,62.0,0.0,0,0,2020-07-12
Calaveras,63.0,0.0,1,0,2020-07-13
Calaveras,74.0,0.0,11,0,2020-07-14
Calaveras,75.0,0.0,1,0,2020-07-15
Calaveras,82.0,0.0,7,0,2020-07-16
Calaveras,86.0,0.0,4,0,2020-07-17
Calaveras,89.0,0.0,3,0,2020-07-18
Calaveras,89.0,0.0,0,0,2020-07-19
Calaveras,90.0,0.0,1,0,2020-07-20
Calaveras,96.0,1.0,6,1,2020-07-21
Calaveras,98.0,1.0,2,0,2020-07-22
Calaveras,102.0,1.0,4,0,2020-07-23
Calaveras,102.0,1.0,0,0,2020-07-24
Calaveras,103.0,1.0,1,0,2020-07-25
Calaveras,103.0,1.0,0,0,2020-07-26
Calaveras,103.0,1.0,0,0,2020-07-27
Calaveras,105.0,1.0,2,0,2020-07-28
Calaveras,107.0,1.0,2,0,2020-07-29
Calaveras,111.0,1.0,4,0,2020-07-30
Calaveras,112.0,1.0,1,0,2020-07-31
Calaveras,116.0,1.0,4,0,2020-08-01
Calaveras,116.0,1.0,0,0,2020-08-02
Calaveras,117.0,1.0,1,0,2020-08-03
Calaveras,116.0,1.0,-1,0,2020-08-04
Calaveras,116.0,1.0,0,0,2020-08-05
Calaveras,117.0,1.0,1,0,2020-08-06
Calaveras,119.0,1.0,2,0,2020-08-07
Calaveras,122.0,1.0,3,0,2020-08-08
Calaveras,122.0,1.0,0,0,2020-08-09
Calaveras,121.0,1.0,-1,0,2020-08-10
Calaveras,161.0,1.0,40,0,2020-08-11
Calaveras,157.0,1.0,-4,0,2020-08-12
Calaveras,162.0,1.0,5,0,2020-08-13
Calaveras,165.0,1.0,3,0,2020-08-14
Calaveras,167.0,1.0,2,0,2020-08-15
Calaveras,167.0,1.0,0,0,2020-08-16
Calaveras,167.0,1.0,0,0,2020-08-17
Calaveras,174.0,1.0,7,0,2020-08-18
Calaveras,177.0,1.0,3,0,2020-08-19
Calaveras,179.0,1.0,2,0,2020-08-20
Calaveras,182.0,2.0,3,1,2020-08-21
Calaveras,187.0,2.0,5,0,2020-08-22
Calaveras,187.0,2.0,0,0,2020-08-23
Calaveras,187.0,2.0,0,0,2020-08-24
Calaveras,196.0,2.0,9,0,2020-08-25
Calaveras,201.0,2.0,5,0,2020-08-26
Calaveras,204.0,2.0,3,0,2020-08-27
Calaveras,207.0,2.0,3,0,2020-08-28
Calaveras,211.0,2.0,4,0,2020-08-29
Calaveras,211.0,2.0,0,0,2020-08-30
Calaveras,212.0,2.0,1,0,2020-08-31
Calaveras,228.0,2.0,16,0,2020-09-01
Calaveras,235.0,2.0,7,0,2020-09-02
Calaveras,238.0,2.0,3,0,2020-09-03
Calaveras,237.0,2.0,-1,0,2020-09-04
Calaveras,237.0,2.0,0,0,2020-09-05
Calaveras,235.0,2.0,-2,0,2020-09-06
Calaveras,234.0,2.0,-1,0,2020-09-07
Calaveras,233.0,2.0,-1,0,2020-09-08
Calaveras,242.0,2.0,9,0,2020-09-09
Calaveras,244.0,2.0,2,0,2020-09-10
Calaveras,242.0,10.0,-2,8,2020-09-11
Calaveras,246.0,10.0,4,0,2020-09-12
Calaveras,246.0,10.0,0,0,2020-09-13
Calaveras,244.0,10.0,-2,0,2020-09-14
Calaveras,248.0,13.0,4,3,2020-09-15
Calaveras,254.0,13.0,6,0,2020-09-16
Calaveras,254.0,13.0,0,0,2020-09-17
Calaveras,255.0,14.0,1,1,2020-09-18
Calaveras,256.0,14.0,1,0,2020-09-19
Calaveras,256.0,14.0,0,0,2020-09-20
Calaveras,256.0,14.0,0,0,2020-09-21
Calaveras,258.0,14.0,2,0,2020-09-22
Calaveras,258.0,14.0,0,0,2020-09-23
Calaveras,258.0,14.0,0,0,2020-09-24
Calaveras,257.0,14.0,-1,0,2020-09-25
Calaveras,257.0,14.0,0,0,2020-09-26
Calaveras,257.0,14.0,0,0,2020-09-27
Calaveras,257.0,14.0,0,0,2020-09-28
Calaveras,261.0,14.0,4,0,2020-09-29
Calaveras,258.0,14.0,-3,0,2020-09-30
Calaveras,257.0,14.0,-1,0,2020-10-01
Calaveras,259.0,14.0,2,0,2020-10-02
Calaveras,259.0,14.0,0,0,2020-10-03
Calaveras,259.0,14.0,0,0,2020-10-04
Calaveras,259.0,14.0,0,0,2020-10-05
Calaveras,261.0,14.0,2,0,2020-10-06
Calaveras,262.0,14.0,1,0,2020-10-07
Calaveras,262.0,14.0,0,0,2020-10-08
Calaveras,262.0,16.0,0,2,2020-10-09
Calaveras,262.0,16.0,0,0,2020-10-10
Calaveras,262.0,16.0,0,0,2020-10-11
Calaveras,262.0,16.0,0,0,2020-10-12
Calaveras,262.0,16.0,0,0,2020-10-13
Calaveras,266.0,16.0,4,0,2020-10-14
Calaveras,267.0,16.0,1,0,2020-10-15
Calaveras,267.0,17.0,0,1,2020-10-16
Calaveras,267.0,17.0,0,0,2020-10-17
Calaveras,267.0,17.0,0,0,2020-10-18
Calaveras,268.0,17.0,1,0,2020-10-19
Calaveras,273.0,17.0,5,0,2020-10-20
Calaveras,272.0,17.0,-1,0,2020-10-21
Calaveras,273.0,17.0,1,0,2020-10-22
Calaveras,273.0,18.0,0,1,2020-10-23
Calaveras,274.0,18.0,1,0,2020-10-24
Calaveras,274.0,18.0,0,0,2020-10-25
Calaveras,274.0,18.0,0,0,2020-10-26
Calaveras,277.0,18.0,3,0,2020-10-27
Calaveras,278.0,21.0,1,3,2020-10-28
Calaveras,278.0,21.0,0,0,2020-10-29
Calaveras,279.0,21.0,1,0,2020-10-30
Calaveras,280.0,21.0,1,0,2020-10-31
Calaveras,282.0,21.0,2,0,2020-11-01
Calaveras,282.0,21.0,0,0,2020-11-02
Calaveras,287.0,21.0,5,0,2020-11-03
Calaveras,290.0,21.0,3,0,2020-11-04
Calaveras,333.0,21.0,43,0,2020-11-05
Calaveras,359.0,21.0,26,0,2020-11-06
Calaveras,360.0,21.0,1,0,2020-11-07
Calaveras,360.0,21.0,0,0,2020-11-08
Calaveras,360.0,21.0,0,0,2020-11-09
Calaveras,367.0,21.0,7,0,2020-11-10
Calaveras,373.0,21.0,6,0,2020-11-11
Calaveras,373.0,21.0,0,0,2020-11-12
Calaveras,378.0,21.0,5,0,2020-11-13
Calaveras,386.0,21.0,8,0,2020-11-14
Calaveras,386.0,21.0,0,0,2020-11-15
Calaveras,402.0,21.0,16,0,2020-11-16
Calaveras,405.0,21.0,3,0,2020-11-17
Calaveras,409.0,21.0,4,0,2020-11-18
Calaveras,417.0,21.0,8,0,2020-11-19
Calaveras,424.0,21.0,7,0,2020-11-20
Calaveras,434.0,21.0,10,0,2020-11-21
Calaveras,434.0,21.0,0,0,2020-11-22
Calaveras,434.0,21.0,0,0,2020-11-23
Calaveras,466.0,21.0,32,0,2020-11-24
Calaveras,475.0,22.0,9,1,2020-11-25
Calaveras,478.0,22.0,3,0,2020-11-26
Calaveras,478.0,22.0,0,0,2020-11-27
Calaveras,478.0,22.0,0,0,2020-11-28
Calaveras,478.0,22.0,0,0,2020-11-29
Calaveras,478.0,22.0,0,0,2020-11-30
Calaveras,544.0,22.0,66,0,2020-12-01
Calaveras,553.0,22.0,9,0,2020-12-02
Calaveras,572.0,22.0,19,0,2020-12-03
Calaveras,585.0,22.0,13,0,2020-12-04
Calaveras,606.0,22.0,21,0,2020-12-05
Calaveras,606.0,22.0,0,0,2020-12-06
Calaveras,606.0,22.0,0,0,2020-12-07
Calaveras,657.0,22.0,51,0,2020-12-08
Calaveras,670.0,22.0,13,0,2020-12-09
Calaveras,684.0,22.0,14,0,2020-12-10
Calaveras,697.0,22.0,13,0,2020-12-11
Calaveras,708.0,22.0,11,0,2020-12-12
Calaveras,710.0,22.0,2,0,2020-12-13
Calaveras,718.0,22.0,8,0,2020-12-14
Alpine,1.0,0.0,1,0,2020-03-30
Alpine,1.0,0.0,0,0,2020-03-31
Alpine,1.0,0.0,0,0,2020-04-01
Alpine,1.0,0.0,0,0,2020-04-02
Alpine,1.0,0.0,0,0,2020-04-03
Alpine,1.0,0.0,0,0,2020-04-04
Alpine,1.0,0.0,0,0,2020-04-05
Alpine,1.0,0.0,0,0,2020-04-06
Alpine,1.0,0.0,0,0,2020-04-07
Alpine,1.0,0.0,0,0,2020-04-08
Alpine,1.0,0.0,0,0,2020-04-09
Alpine,1.0,0.0,0,0,2020-04-10
Alpine,1.0,0.0,0,0,2020-04-11
Alpine,1.0,0.0,0,0,2020-04-12
Alpine,1.0,0.0,0,0,2020-04-13
Alpine,1.0,0.0,0,0,2020-04-14
Alpine,1.0,0.0,0,0,2020-04-15
Alpine,1.0,0.0,0,0,2020-04-16
Alpine,1.0,0.0,0,0,2020-04-17
Alpine,1.0,0.0,0,0,2020-04-18
Alpine,1.0,0.0,0,0,2020-04-19
Alpine,1.0,0.0,0,0,2020-04-20
Alpine,1.0,0.0,0,0,2020-04-21
Alpine,1.0,0.0,0,0,2020-04-22
Alpine,1.0,0.0,0,0,2020-04-23
Alpine,1.0,0.0,0,0,2020-04-24
Alpine,1.0,0.0,0,0,2020-04-25
Alpine,1.0,0.0,0,0,2020-04-26
Alpine,1.0,0.0,0,0,2020-04-27
Alpine,1.0,0.0,0,0,2020-04-28
Alpine,1.0,0.0,0,0,2020-04-29
Alpine,1.0,0.0,0,0,2020-04-30
Alpine,1.0,0.0,0,0,2020-05-01
Alpine,1.0,0.0,0,0,2020-05-02
Alpine,1.0,0.0,0,0,2020-05-03
Alpine,1.0,0.0,0,0,2020-05-04
Alpine,1.0,0.0,0,0,2020-05-05
Alpine,1.0,0.0,0,0,2020-05-06
Alpine,1.0,0.0,0,0,2020-05-07
Alpine,1.0,0.0,0,0,2020-05-08
Alpine,1.0,0.0,0,0,2020-05-09
Alpine,1.0,0.0,0,0,2020-05-10
Alpine,1.0,0.0,0,0,2020-05-11
Alpine,1.0,0.0,0,0,2020-05-12
Alpine,1.0,0.0,0,0,2020-05-13
Alpine,1.0,0.0,0,0,2020-05-14
Alpine,1.0,0.0,0,0,2020-05-15
Alpine,1.0,0.0,0,0,2020-05-16
Alpine,1.0,0.0,0,0,2020-05-17
Alpine,1.0,0.0,0,0,2020-05-18
Alpine,1.0,0.0,0,0,2020-05-19
Alpine,1.0,0.0,0,0,2020-05-20
Alpine,1.0,0.0,0,0,2020-05-21
Alpine,1.0,0.0,0,0,2020-05-22
Alpine,1.0,0.0,0,0,2020-05-23
Alpine,1.0,0.0,0,0,2020-05-24
Alpine,1.0,0.0,0,0,2020-05-25
Alpine,1.0,0.0,0,0,2020-05-26
Alpine,1.0,0.0,0,0,2020-05-27
Alpine,1.0,0.0,0,0,2020-05-28
Alpine,1.0,0.0,0,0,2020-05-29
Alpine,1.0,0.0,0,0,2020-05-30
Alpine,1.0,0.0,0,0,2020-05-31
Alpine,1.0,0.0,0,0,2020-06-01
Alpine,1.0,0.0,0,0,2020-06-02
Alpine,1.0,0.0,0,0,2020-06-03
Alpine,1.0,0.0,0,0,2020-06-04
Alpine,1.0,0.0,0,0,2020-06-05
Alpine,1.0,0.0,0,0,2020-06-06
Alpine,1.0,0.0,0,0,2020-06-07
Alpine,1.0,0.0,0,0,2020-06-08
Alpine,1.0,0.0,0,0,2020-06-09
Alpine,1.0,0.0,0,0,2020-06-10
Alpine,1.0,0.0,0,0,2020-06-11
Alpine,1.0,0.0,0,0,2020-06-12
Alpine,1.0,0.0,0,0,2020-06-13
Alpine,1.0,0.0,0,0,2020-06-14
Alpine,1.0,0.0,0,0,2020-06-15
Alpine,1.0,0.0,0,0,2020-06-16
Alpine,1.0,0.0,0,0,2020-06-17
Alpine,1.0,0.0,0,0,2020-06-18
Alpine,1.0,0.0,0,0,2020-06-19
Alpine,1.0,0.0,0,0,2020-06-20
Alpine,1.0,0.0,0,0,2020-06-21
Alpine,1.0,0.0,0,0,2020-06-22
Alpine,1.0,0.0,0,0,2020-06-23
Alpine,1.0,0.0,0,0,2020-06-24
Alpine,1.0,0.0,0,0,2020-06-25
Alpine,1.0,0.0,0,0,2020-06-26
Alpine,1.0,0.0,0,0,2020-06-27
Alpine,1.0,0.0,0,0,2020-06-28
Alpine,1.0,0.0,0,0,2020-06-29
Alpine,1.0,0.0,0,0,2020-06-30
Alpine,1.0,0.0,0,0,2020-07-01
Alpine,1.0,0.0,0,0,2020-07-02
Alpine,1.0,0.0,0,0,2020-07-03
Alpine,1.0,0.0,0,0,2020-07-04
Alpine,1.0,0.0,0,0,2020-07-05
Alpine,1.0,0.0,0,0,2020-07-06
Alpine,1.0,0.0,0,0,2020-07-07
Alpine,1.0,0.0,0,0,2020-07-08
Alpine,1.0,0.0,0,0,2020-07-09
Alpine,1.0,0.0,0,0,2020-07-10
Alpine,1.0,0.0,0,0,2020-07-11
Alpine,1.0,0.0,0,0,2020-07-12
Alpine,1.0,0.0,0,0,2020-07-13
Alpine,1.0,0.0,0,0,2020-07-14
Alpine,1.0,0.0,0,0,2020-07-15
Alpine,1.0,0.0,0,0,2020-07-16
Alpine,1.0,0.0,0,0,2020-07-17
Alpine,2.0,0.0,1,0,2020-07-18
Alpine,2.0,0.0,0,0,2020-07-19
Alpine,2.0,0.0,0,0,2020-07-20
Alpine,2.0,0.0,0,0,2020-07-21
Alpine,2.0,0.0,0,0,2020-07-22
Alpine,2.0,0.0,0,0,2020-07-23
Alpine,2.0,0.0,0,0,2020-07-24
Alpine,2.0,0.0,0,0,2020-07-25
Alpine,2.0,0.0,0,0,2020-07-26
Alpine,2.0,0.0,0,0,2020-07-27
Alpine,2.0,0.0,0,0,2020-07-28
Alpine,2.0,0.0,0,0,2020-07-29
Alpine,2.0,0.0,0,0,2020-07-30
Alpine,2.0,0.0,0,0,2020-07-31
Alpine,2.0,0.0,0,0,2020-08-01
Alpine,2.0,0.0,0,0,2020-08-02
Alpine,2.0,0.0,0,0,2020-08-03
Alpine,2.0,0.0,0,0,2020-08-04
Alpine,2.0,0.0,0,0,2020-08-05
Alpine,2.0,0.0,0,0,2020-08-06
Alpine,2.0,0.0,0,0,2020-08-07
Alpine,2.0,0.0,0,0,2020-08-08
Alpine,2.0,0.0,0,0,2020-08-09
Alpine,2.0,0.0,0,0,2020-08-10
Alpine,2.0,0.0,0,0,2020-08-11
Alpine,2.0,0.0,0,0,2020-08-12
Alpine,2.0,0.0,0,0,2020-08-13
Alpine,2.0,0.0,0,0,2020-08-14
Alpine,2.0,0.0,0,0,2020-08-15
Alpine,2.0,0.0,0,0,2020-08-16
Alpine,2.0,0.0,0,0,2020-08-17
Alpine,2.0,0.0,0,0,2020-08-18
Alpine,2.0,0.0,0,0,2020-08-19
Alpine,2.0,0.0,0,0,2020-08-20
Alpine,2.0,0.0,0,0,2020-08-21
Alpine,2.0,0.0,0,0,2020-08-22
Alpine,2.0,0.0,0,0,2020-08-23
Alpine,2.0,0.0,0,0,2020-08-24
Alpine,2.0,0.0,0,0,2020-08-25
Alpine,2.0,0.0,0,0,2020-08-26
Alpine,2.0,0.0,0,0,2020-08-27
Alpine,2.0,0.0,0,0,2020-08-28
Alpine,2.0,0.0,0,0,2020-08-29
Alpine,2.0,0.0,0,0,2020-08-30
Alpine,2.0,0.0,0,0,2020-08-31
Alpine,2.0,0.0,0,0,2020-09-01
Alpine,2.0,0.0,0,0,2020-09-02
Alpine,2.0,0.0,0,0,2020-09-03
Alpine,2.0,0.0,0,0,2020-09-04
Alpine,2.0,0.0,0,0,2020-09-05
Alpine,2.0,0.0,0,0,2020-09-06
Alpine,2.0,0.0,0,0,2020-09-07
Alpine,2.0,0.0,0,0,2020-09-08
Alpine,2.0,0.0,0,0,2020-09-09
Alpine,2.0,0.0,0,0,2020-09-10
Alpine,2.0,0.0,0,0,2020-09-11
Alpine,2.0,0.0,0,0,2020-09-12
Alpine,2.0,0.0,0,0,2020-09-13
Alpine,2.0,0.0,0,0,2020-09-14
Alpine,2.0,0.0,0,0,2020-09-15
Alpine,2.0,0.0,0,0,2020-09-16
Alpine,2.0,0.0,0,0,2020-09-17
Alpine,2.0,0.0,0,0,2020-09-18
Alpine,2.0,0.0,0,0,2020-09-19
Alpine,2.0,0.0,0,0,2020-09-20
Alpine,2.0,0.0,0,0,2020-09-21
Alpine,2.0,0.0,0,0,2020-09-22
Alpine,2.0,0.0,0,0,2020-09-23
Alpine,2.0,0.0,0,0,2020-09-24
Alpine,2.0,0.0,0,0,2020-09-25
Alpine,2.0,0.0,0,0,2020-09-26
Alpine,2.0,0.0,0,0,2020-09-27
Alpine,2.0,0.0,0,0,2020-09-28
Alpine,2.0,0.0,0,0,2020-09-29
Alpine,2.0,0.0,0,0,2020-09-30
Alpine,2.0,0.0,0,0,2020-10-01
Alpine,2.0,0.0,0,0,2020-10-02
Alpine,2.0,0.0,0,0,2020-10-03
Alpine,2.0,0.0,0,0,2020-10-04
Alpine,2.0,0.0,0,0,2020-10-05
Alpine,3.0,0.0,1,0,2020-10-06
Alpine,3.0,0.0,0,0,2020-10-07
Alpine,3.0,0.0,0,0,2020-10-08
Alpine,3.0,0.0,0,0,2020-10-09
Alpine,3.0,0.0,0,0,2020-10-10
Alpine,3.0,0.0,0,0,2020-10-11
Alpine,3.0,0.0,0,0,2020-10-12
Alpine,3.0,0.0,0,0,2020-10-13
Alpine,3.0,0.0,0,0,2020-10-14
Alpine,3.0,0.0,0,0,2020-10-15
Alpine,3.0,0.0,0,0,2020-10-16
Alpine,3.0,0.0,0,0,2020-10-17
Alpine,3.0,0.0,0,0,2020-10-18
Alpine,3.0,0.0,0,0,2020-10-19
Alpine,3.0,0.0,0,0,2020-10-20
Alpine,3.0,0.0,0,0,2020-10-21
Alpine,3.0,0.0,0,0,2020-10-22
Alpine,3.0,0.0,0,0,2020-10-23
Alpine,3.0,0.0,0,0,2020-10-24
Alpine,3.0,0.0,0,0,2020-10-25
Alpine,3.0,0.0,0,0,2020-10-26
Alpine,3.0,0.0,0,0,2020-10-27
Alpine,4.0,0.0,1,0,2020-10-28
Alpine,4.0,0.0,0,0,2020-10-29
Alpine,4.0,0.0,0,0,2020-10-30
Alpine,4.0,0.0,0,0,2020-10-31
Alpine,4.0,0.0,0,0,2020-11-01
Alpine,4.0,0.0,0,0,2020-11-02
Alpine,4.0,0.0,0,0,2020-11-03
Alpine,5.0,0.0,1,0,2020-11-04
Alpine,6.0,0.0,1,0,2020-11-05
Alpine,6.0,0.0,0,0,2020-11-06
Alpine,6.0,0.0,0,0,2020-11-07
Alpine,6.0,0.0,0,0,2020-11-08
Alpine,6.0,0.0,0,0,2020-11-09
Alpine,9.0,0.0,3,0,2020-11-10
Alpine,12.0,0.0,3,0,2020-11-11
Alpine,12.0,0.0,0,0,2020-11-12
Alpine,12.0,0.0,0,0,2020-11-13
Alpine,12.0,0.0,0,0,2020-11-14
Alpine,12.0,0.0,0,0,2020-11-15
Alpine,12.0,0.0,0,0,2020-11-16
Alpine,12.0,0.0,0,0,2020-11-17
Alpine,16.0,0.0,4,0,2020-11-18
Alpine,20.0,0.0,4,0,2020-11-19
Alpine,20.0,0.0,0,0,2020-11-20
Alpine,41.0,0.0,21,0,2020-11-21
Alpine,41.0,0.0,0,0,2020-11-22
Alpine,41.0,0.0,0,0,2020-11-23
Alpine,41.0,0.0,0,0,2020-11-24
Alpine,41.0,0.0,0,0,2020-11-25
Alpine,41.0,0.0,0,0,2020-11-26
Alpine,41.0,0.0,0,0,2020-11-27
Alpine,41.0,0.0,0,0,2020-11-28
Alpine,41.0,0.0,0,0,2020-11-29
Alpine,41.0,0.0,0,0,2020-11-30
Alpine,41.0,0.0,0,0,2020-12-01
Alpine,52.0,0.0,11,0,2020-12-02
Alpine,53.0,0.0,1,0,2020-12-03
Alpine,53.0,0.0,0,0,2020-12-04
Alpine,53.0,0.0,0,0,2020-12-05
Alpine,53.0,0.0,0,0,2020-12-06
Alpine,53.0,0.0,0,0,2020-12-07
Alpine,53.0,0.0,0,0,2020-12-08
Alpine,58.0,0.0,5,0,2020-12-09
Alpine,63.0,0.0,5,0,2020-12-10
Alpine,63.0,0.0,0,0,2020-12-11
Alpine,63.0,0.0,0,0,2020-12-12
Alpine,63.0,0.0,0,0,2020-12-13
Alpine,63.0,0.0,0,0,2020-12-14
Nevada,2.0,0.0,2,0,2020-03-18
Nevada,2.0,0.0,0,0,2020-03-19
Nevada,2.0,0.0,0,0,2020-03-20
Nevada,2.0,0.0,0,0,2020-03-21
Nevada,2.0,0.0,0,0,2020-03-22
Nevada,2.0,0.0,0,0,2020-03-23
Nevada,4.0,0.0,2,0,2020-03-24
Nevada,5.0,0.0,1,0,2020-03-25
Nevada,7.0,0.0,2,0,2020-03-26
Nevada,6.0,0.0,-1,0,2020-03-27
Nevada,11.0,0.0,5,0,2020-03-28
Nevada,13.0,0.0,2,0,2020-03-29
Nevada,14.0,0.0,1,0,2020-03-30
Nevada,15.0,0.0,1,0,2020-03-31
Nevada,15.0,0.0,0,0,2020-04-01
Nevada,17.0,0.0,2,0,2020-04-02
Nevada,19.0,1.0,2,1,2020-04-03
Nevada,19.0,1.0,0,0,2020-04-04
Nevada,19.0,1.0,0,0,2020-04-05
Nevada,19.0,1.0,0,0,2020-04-06
Nevada,20.0,1.0,1,0,2020-04-07
Nevada,21.0,1.0,1,0,2020-04-08
Nevada,23.0,1.0,2,0,2020-04-09
Nevada,23.0,1.0,0,0,2020-04-10
Nevada,24.0,1.0,1,0,2020-04-11
Nevada,24.0,1.0,0,0,2020-04-12
Nevada,24.0,1.0,0,0,2020-04-13
Nevada,34.0,1.0,10,0,2020-04-14
Nevada,34.0,1.0,0,0,2020-04-15
Nevada,34.0,1.0,0,0,2020-04-16
Nevada,34.0,1.0,0,0,2020-04-17
Nevada,34.0,1.0,0,0,2020-04-18
Nevada,34.0,1.0,0,0,2020-04-19
Nevada,34.0,1.0,0,0,2020-04-20
Nevada,36.0,1.0,2,0,2020-04-21
Nevada,36.0,1.0,0,0,2020-04-22
Nevada,36.0,1.0,0,0,2020-04-23
Nevada,36.0,1.0,0,0,2020-04-24
Nevada,37.0,1.0,1,0,2020-04-25
Nevada,37.0,1.0,0,0,2020-04-26
Nevada,39.0,1.0,2,0,2020-04-27
Nevada,41.0,1.0,2,0,2020-04-28
Nevada,41.0,1.0,0,0,2020-04-29
Nevada,41.0,1.0,0,0,2020-04-30
Nevada,41.0,1.0,0,0,2020-05-01
Nevada,41.0,1.0,0,0,2020-05-02
Nevada,41.0,1.0,0,0,2020-05-03
Nevada,41.0,1.0,0,0,2020-05-04
Nevada,41.0,1.0,0,0,2020-05-05
Nevada,41.0,1.0,0,0,2020-05-06
Nevada,41.0,1.0,0,0,2020-05-07
Nevada,41.0,1.0,0,0,2020-05-08
Nevada,41.0,1.0,0,0,2020-05-09
Nevada,41.0,1.0,0,0,2020-05-10
Nevada,41.0,1.0,0,0,2020-05-11
Nevada,41.0,1.0,0,0,2020-05-12
Nevada,41.0,1.0,0,0,2020-05-13
Nevada,41.0,1.0,0,0,2020-05-14
Nevada,41.0,1.0,0,0,2020-05-15
Nevada,41.0,1.0,0,0,2020-05-16
Nevada,41.0,1.0,0,0,2020-05-17
Nevada,41.0,1.0,0,0,2020-05-18
Nevada,41.0,1.0,0,0,2020-05-19
Nevada,41.0,1.0,0,0,2020-05-20
Nevada,41.0,1.0,0,0,2020-05-21
Nevada,41.0,1.0,0,0,2020-05-22
Nevada,41.0,1.0,0,0,2020-05-23
Nevada,41.0,1.0,0,0,2020-05-24
Nevada,41.0,1.0,0,0,2020-05-25
Nevada,41.0,1.0,0,0,2020-05-26
Nevada,41.0,1.0,0,0,2020-05-27
Nevada,41.0,1.0,0,0,2020-05-28
Nevada,41.0,1.0,0,0,2020-05-29
Nevada,41.0,1.0,0,0,2020-05-30
Nevada,41.0,1.0,0,0,2020-05-31
Nevada,41.0,1.0,0,0,2020-06-01
Nevada,41.0,1.0,0,0,2020-06-02
Nevada,43.0,1.0,2,0,2020-06-03
Nevada,49.0,1.0,6,0,2020-06-04
Nevada,50.0,1.0,1,0,2020-06-05
Nevada,50.0,1.0,0,0,2020-06-06
Nevada,50.0,1.0,0,0,2020-06-07
Nevada,50.0,1.0,0,0,2020-06-08
Nevada,50.0,1.0,0,0,2020-06-09
Nevada,50.0,1.0,0,0,2020-06-10
Nevada,50.0,1.0,0,0,2020-06-11
Nevada,52.0,1.0,2,0,2020-06-12
Nevada,52.0,1.0,0,0,2020-06-13
Nevada,52.0,1.0,0,0,2020-06-14
Nevada,52.0,1.0,0,0,2020-06-15
Nevada,53.0,1.0,1,0,2020-06-16
Nevada,57.0,1.0,4,0,2020-06-17
Nevada,68.0,1.0,11,0,2020-06-18
Nevada,71.0,1.0,3,0,2020-06-19
Nevada,73.0,1.0,2,0,2020-06-20
Nevada,79.0,1.0,6,0,2020-06-21
Nevada,79.0,1.0,0,0,2020-06-22
Nevada,81.0,1.0,2,0,2020-06-23
Nevada,92.0,1.0,11,0,2020-06-24
Nevada,92.0,1.0,0,0,2020-06-25
Nevada,101.0,1.0,9,0,2020-06-26
Nevada,102.0,1.0,1,0,2020-06-27
Nevada,103.0,1.0,1,0,2020-06-28
Nevada,110.0,1.0,7,0,2020-06-29
Nevada,114.0,1.0,4,0,2020-06-30
Nevada,115.0,1.0,1,0,2020-07-01
Nevada,118.0,1.0,3,0,2020-07-02
Nevada,125.0,1.0,7,0,2020-07-03
Nevada,125.0,1.0,0,0,2020-07-04
Nevada,141.0,1.0,16,0,2020-07-05
Nevada,146.0,1.0,5,0,2020-07-06
Nevada,150.0,1.0,4,0,2020-07-07
Nevada,156.0,1.0,6,0,2020-07-08
Nevada,156.0,1.0,0,0,2020-07-09
Nevada,161.0,1.0,5,0,2020-07-10
Nevada,163.0,1.0,2,0,2020-07-11
Nevada,166.0,1.0,3,0,2020-07-12
Nevada,172.0,1.0,6,0,2020-07-13
Nevada,180.0,1.0,8,0,2020-07-14
Nevada,185.0,1.0,5,0,2020-07-15
Nevada,191.0,1.0,6,0,2020-07-16
Nevada,200.0,1.0,9,0,2020-07-17
Nevada,204.0,1.0,4,0,2020-07-18
Nevada,210.0,1.0,6,0,2020-07-19
Nevada,218.0,1.0,8,0,2020-07-20
Nevada,228.0,1.0,10,0,2020-07-21
Nevada,239.0,1.0,11,0,2020-07-22
Nevada,247.0,1.0,8,0,2020-07-23
Nevada,255.0,1.0,8,0,2020-07-24
Nevada,257.0,1.0,2,0,2020-07-25
Nevada,261.0,1.0,4,0,2020-07-26
Nevada,268.0,1.0,7,0,2020-07-27
Nevada,278.0,1.0,10,0,2020-07-28
Nevada,288.0,1.0,10,0,2020-07-29
Nevada,292.0,1.0,4,0,2020-07-30
Nevada,302.0,1.0,10,0,2020-07-31
Nevada,305.0,1.0,3,0,2020-08-01
Nevada,314.0,1.0,9,0,2020-08-02
Nevada,315.0,1.0,1,0,2020-08-03
Nevada,322.0,1.0,7,0,2020-08-04
Nevada,327.0,1.0,5,0,2020-08-05
Nevada,321.0,1.0,-6,0,2020-08-06
Nevada,324.0,1.0,3,0,2020-08-07
Nevada,325.0,1.0,1,0,2020-08-08
Nevada,332.0,1.0,7,0,2020-08-09
Nevada,356.0,1.0,24,0,2020-08-10
Nevada,358.0,1.0,2,0,2020-08-11
Nevada,357.0,1.0,-1,0,2020-08-12
Nevada,362.0,1.0,5,0,2020-08-13
Nevada,377.0,2.0,15,1,2020-08-14
Nevada,376.0,2.0,-1,0,2020-08-15
Nevada,379.0,2.0,3,0,2020-08-16
Nevada,383.0,2.0,4,0,2020-08-17
Nevada,389.0,2.0,6,0,2020-08-18
Nevada,398.0,2.0,9,0,2020-08-19
Nevada,401.0,3.0,3,1,2020-08-20
Nevada,406.0,3.0,5,0,2020-08-21
Nevada,411.0,3.0,5,0,2020-08-22
Nevada,421.0,3.0,10,0,2020-08-23
Nevada,423.0,3.0,2,0,2020-08-24
Nevada,430.0,5.0,7,2,2020-08-25
Nevada,432.0,5.0,2,0,2020-08-26
Nevada,435.0,5.0,3,0,2020-08-27
Nevada,438.0,5.0,3,0,2020-08-28
Nevada,442.0,5.0,4,0,2020-08-29
Nevada,445.0,5.0,3,0,2020-08-30
Nevada,447.0,5.0,2,0,2020-08-31
Nevada,450.0,5.0,3,0,2020-09-01
Nevada,452.0,5.0,2,0,2020-09-02
Nevada,453.0,5.0,1,0,2020-09-03
Nevada,455.0,5.0,2,0,2020-09-04
Nevada,461.0,5.0,6,0,2020-09-05
Nevada,467.0,5.0,6,0,2020-09-06
Nevada,469.0,5.0,2,0,2020-09-07
Nevada,470.0,5.0,1,0,2020-09-08
Nevada,476.0,5.0,6,0,2020-09-09
Nevada,478.0,5.0,2,0,2020-09-10
Nevada,483.0,5.0,5,0,2020-09-11
Nevada,482.0,5.0,-1,0,2020-09-12
Nevada,486.0,5.0,4,0,2020-09-13
Nevada,489.0,5.0,3,0,2020-09-14
Nevada,494.0,5.0,5,0,2020-09-15
Nevada,495.0,5.0,1,0,2020-09-16
Nevada,494.0,5.0,-1,0,2020-09-17
Nevada,504.0,6.0,10,1,2020-09-18
Nevada,505.0,6.0,1,0,2020-09-19
Nevada,511.0,6.0,6,0,2020-09-20
Nevada,515.0,6.0,4,0,2020-09-21
Nevada,523.0,6.0,8,0,2020-09-22
Nevada,523.0,6.0,0,0,2020-09-23
Nevada,527.0,7.0,4,1,2020-09-24
Nevada,529.0,7.0,2,0,2020-09-25
Nevada,534.0,7.0,5,0,2020-09-26
Nevada,537.0,7.0,3,0,2020-09-27
Nevada,538.0,7.0,1,0,2020-09-28
Nevada,539.0,7.0,1,0,2020-09-29
Nevada,540.0,7.0,1,0,2020-09-30
Nevada,543.0,7.0,3,0,2020-10-01
Nevada,543.0,7.0,0,0,2020-10-02
Nevada,544.0,7.0,1,0,2020-10-03
Nevada,547.0,7.0,3,0,2020-10-04
Nevada,550.0,7.0,3,0,2020-10-05
Nevada,551.0,7.0,1,0,2020-10-06
Nevada,552.0,7.0,1,0,2020-10-07
Nevada,556.0,8.0,4,1,2020-10-08
Nevada,561.0,8.0,5,0,2020-10-09
Nevada,564.0,8.0,3,0,2020-10-10
Nevada,569.0,8.0,5,0,2020-10-11
Nevada,570.0,8.0,1,0,2020-10-12
Nevada,572.0,8.0,2,0,2020-10-13
Nevada,573.0,8.0,1,0,2020-10-14
Nevada,575.0,8.0,2,0,2020-10-15
Nevada,579.0,8.0,4,0,2020-10-16
Nevada,580.0,8.0,1,0,2020-10-17
Nevada,582.0,8.0,2,0,2020-10-18
Nevada,590.0,8.0,8,0,2020-10-19
Nevada,596.0,8.0,6,0,2020-10-20
Nevada,597.0,8.0,1,0,2020-10-21
Nevada,600.0,8.0,3,0,2020-10-22
Nevada,604.0,8.0,4,0,2020-10-23
Nevada,608.0,8.0,4,0,2020-10-24
Nevada,616.0,8.0,8,0,2020-10-25
Nevada,618.0,8.0,2,0,2020-10-26
Nevada,622.0,8.0,4,0,2020-10-27
Nevada,629.0,8.0,7,0,2020-10-28
Nevada,632.0,8.0,3,0,2020-10-29
Nevada,634.0,9.0,2,1,2020-10-30
Nevada,644.0,9.0,10,0,2020-10-31
Nevada,646.0,9.0,2,0,2020-11-01
Nevada,656.0,9.0,10,0,2020-11-02
Nevada,670.0,9.0,14,0,2020-11-03
Nevada,675.0,9.0,5,0,2020-11-04
Nevada,687.0,9.0,12,0,2020-11-05
Nevada,692.0,9.0,5,0,2020-11-06
Nevada,702.0,9.0,10,0,2020-11-07
Nevada,715.0,9.0,13,0,2020-11-08
Nevada,729.0,9.0,14,0,2020-11-09
Nevada,734.0,9.0,5,0,2020-11-10
Nevada,741.0,9.0,7,0,2020-11-11
Nevada,780.0,9.0,39,0,2020-11-12
Nevada,798.0,9.0,18,0,2020-11-13
Nevada,835.0,9.0,37,0,2020-11-14
Nevada,859.0,9.0,24,0,2020-11-15
Nevada,889.0,9.0,30,0,2020-11-16
Nevada,918.0,9.0,29,0,2020-11-17
Nevada,933.0,9.0,15,0,2020-11-18
Nevada,945.0,9.0,12,0,2020-11-19
Nevada,990.0,9.0,45,0,2020-11-20
Nevada,1018.0,9.0,28,0,2020-11-21
Nevada,1052.0,9.0,34,0,2020-11-22
Nevada,1087.0,9.0,35,0,2020-11-23
Nevada,1156.0,9.0,69,0,2020-11-24
Nevada,1170.0,9.0,14,0,2020-11-25
Nevada,1184.0,9.0,14,0,2020-11-26
Nevada,1184.0,9.0,0,0,2020-11-27
Nevada,1272.0,9.0,88,0,2020-11-28
Nevada,1311.0,9.0,39,0,2020-11-29
Nevada,1347.0,9.0,36,0,2020-11-30
Nevada,1411.0,10.0,64,1,2020-12-01
Nevada,1430.0,10.0,19,0,2020-12-02
Nevada,1472.0,15.0,42,5,2020-12-03
Nevada,1560.0,16.0,88,1,2020-12-04
Nevada,1642.0,16.0,82,0,2020-12-05
Nevada,1710.0,16.0,68,0,2020-12-06
Nevada,1777.0,17.0,67,1,2020-12-07
Nevada,1809.0,19.0,32,2,2020-12-08
Nevada,1864.0,19.0,55,0,2020-12-09
Nevada,1919.0,21.0,55,2,2020-12-10
Nevada,1959.0,21.0,40,0,2020-12-11
Nevada,1981.0,21.0,22,0,2020-12-12
Nevada,2030.0,21.0,49,0,2020-12-13
Nevada,2070.0,30.0,40,9,2020-12-14
Butte,0.0,0.0,0,0,2020-03-18
Butte,0.0,0.0,0,0,2020-03-19
Butte,0.0,0.0,0,0,2020-03-20
Butte,1.0,0.0,1,0,2020-03-21
Butte,1.0,0.0,0,0,2020-03-22
Butte,2.0,0.0,1,0,2020-03-23
Butte,3.0,0.0,1,0,2020-03-24
Butte,4.0,0.0,1,0,2020-03-25
Butte,4.0,0.0,0,0,2020-03-26
Butte,4.0,0.0,0,0,2020-03-27
Butte,4.0,0.0,0,0,2020-03-28
Butte,4.0,0.0,0,0,2020-03-29
Butte,5.0,0.0,1,0,2020-03-30
Butte,6.0,0.0,1,0,2020-03-31
Butte,6.0,0.0,0,0,2020-04-01
Butte,7.0,0.0,1,0,2020-04-02
Butte,8.0,0.0,1,0,2020-04-03
Butte,10.0,0.0,2,0,2020-04-04
Butte,10.0,0.0,0,0,2020-04-05
Butte,11.0,0.0,1,0,2020-04-06
Butte,11.0,0.0,0,0,2020-04-07
Butte,11.0,0.0,0,0,2020-04-08
Butte,12.0,0.0,1,0,2020-04-09
Butte,13.0,0.0,1,0,2020-04-10
Butte,13.0,0.0,0,0,2020-04-11
Butte,13.0,0.0,0,0,2020-04-12
Butte,13.0,0.0,0,0,2020-04-13
Butte,13.0,0.0,0,0,2020-04-14
Butte,14.0,0.0,1,0,2020-04-15
Butte,15.0,0.0,1,0,2020-04-16
Butte,15.0,0.0,0,0,2020-04-17
Butte,15.0,0.0,0,0,2020-04-18
Butte,15.0,0.0,0,0,2020-04-19
Butte,15.0,0.0,0,0,2020-04-20
Butte,15.0,0.0,0,0,2020-04-21
Butte,15.0,0.0,0,0,2020-04-22
Butte,15.0,0.0,0,0,2020-04-23
Butte,15.0,0.0,0,0,2020-04-24
Butte,16.0,0.0,1,0,2020-04-25
Butte,16.0,0.0,0,0,2020-04-26
Butte,16.0,0.0,0,0,2020-04-27
Butte,16.0,0.0,0,0,2020-04-28
Butte,16.0,0.0,0,0,2020-04-29
Butte,16.0,0.0,0,0,2020-04-30
Butte,17.0,0.0,1,0,2020-05-01
Butte,17.0,0.0,0,0,2020-05-02
Butte,17.0,0.0,0,0,2020-05-03
Butte,16.0,0.0,-1,0,2020-05-04
Butte,19.0,0.0,3,0,2020-05-05
Butte,19.0,0.0,0,0,2020-05-06
Butte,19.0,0.0,0,0,2020-05-07
Butte,18.0,0.0,-1,0,2020-05-08
Butte,18.0,0.0,0,0,2020-05-09
Butte,18.0,0.0,0,0,2020-05-10
Butte,19.0,0.0,1,0,2020-05-11
Butte,20.0,0.0,1,0,2020-05-12
Butte,21.0,0.0,1,0,2020-05-13
Butte,22.0,0.0,1,0,2020-05-14
Butte,22.0,0.0,0,0,2020-05-15
Butte,22.0,0.0,0,0,2020-05-16
Butte,23.0,0.0,1,0,2020-05-17
Butte,24.0,0.0,1,0,2020-05-18
Butte,25.0,0.0,1,0,2020-05-19
Butte,30.0,0.0,5,0,2020-05-20
Butte,31.0,0.0,1,0,2020-05-21
Butte,34.0,0.0,3,0,2020-05-22
Butte,34.0,0.0,0,0,2020-05-23
Butte,35.0,0.0,1,0,2020-05-24
Butte,37.0,0.0,2,0,2020-05-25
Butte,37.0,0.0,0,0,2020-05-26
Butte,40.0,0.0,3,0,2020-05-27
Butte,40.0,0.0,0,0,2020-05-28
Butte,41.0,0.0,1,0,2020-05-29
Butte,44.0,0.0,3,0,2020-05-30
Butte,51.0,0.0,7,0,2020-05-31
Butte,50.0,0.0,-1,0,2020-06-01
Butte,51.0,1.0,1,1,2020-06-02
Butte,53.0,1.0,2,0,2020-06-03
Butte,57.0,1.0,4,0,2020-06-04
Butte,61.0,1.0,4,0,2020-06-05
Butte,63.0,1.0,2,0,2020-06-06
Butte,64.0,1.0,1,0,2020-06-07
Butte,68.0,1.0,4,0,2020-06-08
Butte,70.0,1.0,2,0,2020-06-09
Butte,71.0,1.0,1,0,2020-06-10
Butte,72.0,1.0,1,0,2020-06-11
Butte,71.0,1.0,-1,0,2020-06-12
Butte,72.0,1.0,1,0,2020-06-13
Butte,78.0,1.0,6,0,2020-06-14
Butte,78.0,1.0,0,0,2020-06-15
Butte,79.0,1.0,1,0,2020-06-16
Butte,81.0,1.0,2,0,2020-06-17
Butte,88.0,1.0,7,0,2020-06-18
Butte,91.0,1.0,3,0,2020-06-19
Butte,94.0,1.0,3,0,2020-06-20
Butte,97.0,1.0,3,0,2020-06-21
Butte,104.0,1.0,7,0,2020-06-22
Butte,111.0,1.0,7,0,2020-06-23
Butte,119.0,1.0,8,0,2020-06-24
Butte,128.0,2.0,9,1,2020-06-25
Butte,136.0,2.0,8,0,2020-06-26
Butte,138.0,2.0,2,0,2020-06-27
Butte,154.0,2.0,16,0,2020-06-28
Butte,168.0,2.0,14,0,2020-06-29
Butte,177.0,2.0,9,0,2020-06-30
Butte,186.0,2.0,9,0,2020-07-01
Butte,199.0,3.0,13,1,2020-07-02
Butte,212.0,3.0,13,0,2020-07-03
Butte,224.0,3.0,12,0,2020-07-04
Butte,248.0,3.0,24,0,2020-07-05
Butte,257.0,3.0,9,0,2020-07-06
Butte,269.0,3.0,12,0,2020-07-07
Butte,281.0,4.0,12,1,2020-07-08
Butte,295.0,4.0,14,0,2020-07-09
Butte,318.0,4.0,23,0,2020-07-10
Butte,325.0,4.0,7,0,2020-07-11
Butte,341.0,4.0,16,0,2020-07-12
Butte,354.0,4.0,13,0,2020-07-13
Butte,382.0,4.0,28,0,2020-07-14
Butte,420.0,4.0,38,0,2020-07-15
Butte,465.0,4.0,45,0,2020-07-16
Butte,497.0,4.0,32,0,2020-07-17
Butte,551.0,4.0,54,0,2020-07-18
Butte,555.0,4.0,4,0,2020-07-19
Butte,586.0,5.0,31,1,2020-07-20
Butte,659.0,5.0,73,0,2020-07-21
Butte,694.0,5.0,35,0,2020-07-22
Butte,726.0,5.0,32,0,2020-07-23
Butte,751.0,5.0,25,0,2020-07-24
Butte,810.0,5.0,59,0,2020-07-25
Butte,822.0,5.0,12,0,2020-07-26
Butte,843.0,7.0,21,2,2020-07-27
Butte,857.0,7.0,14,0,2020-07-28
Butte,889.0,7.0,32,0,2020-07-29
Butte,915.0,7.0,26,0,2020-07-30
Butte,925.0,7.0,10,0,2020-07-31
Butte,976.0,7.0,51,0,2020-08-01
Butte,987.0,7.0,11,0,2020-08-02
Butte,989.0,7.0,2,0,2020-08-03
Butte,1011.0,8.0,22,1,2020-08-04
Butte,1038.0,8.0,27,0,2020-08-05
Butte,1060.0,8.0,22,0,2020-08-06
Butte,1092.0,8.0,32,0,2020-08-07
Butte,1140.0,8.0,48,0,2020-08-08
Butte,1155.0,8.0,15,0,2020-08-09
Butte,1174.0,8.0,19,0,2020-08-10
Butte,1296.0,8.0,122,0,2020-08-11
Butte,1317.0,8.0,21,0,2020-08-12
Butte,1345.0,12.0,28,4,2020-08-13
Butte,1384.0,12.0,39,0,2020-08-14
Butte,1409.0,12.0,25,0,2020-08-15
Butte,1432.0,12.0,23,0,2020-08-16
Butte,1463.0,12.0,31,0,2020-08-17
Butte,1491.0,14.0,28,2,2020-08-18
Butte,1517.0,14.0,26,0,2020-08-19
Butte,1549.0,17.0,32,3,2020-08-20
Butte,1582.0,17.0,33,0,2020-08-21
Butte,1618.0,17.0,36,0,2020-08-22
Butte,1637.0,17.0,19,0,2020-08-23
Butte,1649.0,18.0,12,1,2020-08-24
Butte,1718.0,18.0,69,0,2020-08-25
Butte,1765.0,21.0,47,3,2020-08-26
Butte,1803.0,21.0,38,0,2020-08-27
Butte,1886.0,23.0,83,2,2020-08-28
Butte,1948.0,23.0,62,0,2020-08-29
Butte,1988.0,23.0,40,0,2020-08-30
Butte,2069.0,23.0,81,0,2020-08-31
Butte,2146.0,23.0,77,0,2020-09-01
Butte,2241.0,23.0,95,0,2020-09-02
Butte,2274.0,23.0,33,0,2020-09-03
Butte,2325.0,23.0,51,0,2020-09-04
Butte,2406.0,23.0,81,0,2020-09-05
Butte,2446.0,23.0,40,0,2020-09-06
Butte,2450.0,23.0,4,0,2020-09-07
Butte,2453.0,28.0,3,5,2020-09-08
Butte,2561.0,28.0,108,0,2020-09-09
Butte,2590.0,28.0,29,0,2020-09-10
Butte,2605.0,28.0,15,0,2020-09-11
Butte,2629.0,28.0,24,0,2020-09-12
Butte,2640.0,28.0,11,0,2020-09-13
Butte,2642.0,28.0,2,0,2020-09-14
Butte,2695.0,31.0,53,3,2020-09-15
Butte,2704.0,33.0,9,2,2020-09-16
Butte,2720.0,33.0,16,0,2020-09-17
Butte,2738.0,35.0,18,2,2020-09-18
Butte,2748.0,35.0,10,0,2020-09-19
Butte,2764.0,35.0,16,0,2020-09-20
Butte,2769.0,40.0,5,5,2020-09-21
Butte,2776.0,40.0,7,0,2020-09-22
Butte,2790.0,43.0,14,3,2020-09-23
Butte,2803.0,43.0,13,0,2020-09-24
Butte,2819.0,44.0,16,1,2020-09-25
Butte,2827.0,44.0,8,0,2020-09-26
Butte,2833.0,44.0,6,0,2020-09-27
Butte,2837.0,44.0,4,0,2020-09-28
Butte,2848.0,44.0,11,0,2020-09-29
Butte,2858.0,45.0,10,1,2020-09-30
Butte,2865.0,45.0,7,0,2020-10-01
Butte,2879.0,45.0,14,0,2020-10-02
Butte,2894.0,45.0,15,0,2020-10-03
Butte,2903.0,45.0,9,0,2020-10-04
Butte,2910.0,45.0,7,0,2020-10-05
Butte,2925.0,45.0,15,0,2020-10-06
Butte,2927.0,45.0,2,0,2020-10-07
Butte,2935.0,45.0,8,0,2020-10-08
Butte,2956.0,45.0,21,0,2020-10-09
Butte,2962.0,45.0,6,0,2020-10-10
Butte,2967.0,45.0,5,0,2020-10-11
Butte,2975.0,48.0,8,3,2020-10-12
Butte,2992.0,48.0,17,0,2020-10-13
Butte,2995.0,50.0,3,2,2020-10-14
Butte,3000.0,50.0,5,0,2020-10-15
Butte,3004.0,50.0,4,0,2020-10-16
Butte,3012.0,50.0,8,0,2020-10-17
Butte,3019.0,50.0,7,0,2020-10-18
Butte,3026.0,51.0,7,1,2020-10-19
Butte,3027.0,51.0,1,0,2020-10-20
Butte,3041.0,51.0,14,0,2020-10-21
Butte,3046.0,52.0,5,1,2020-10-22
Butte,3059.0,52.0,13,0,2020-10-23
Butte,3078.0,52.0,19,0,2020-10-24
Butte,3087.0,52.0,9,0,2020-10-25
Butte,3095.0,52.0,8,0,2020-10-26
Butte,3107.0,52.0,12,0,2020-10-27
Butte,3134.0,53.0,27,1,2020-10-28
Butte,3143.0,53.0,9,0,2020-10-29
Butte,3160.0,53.0,17,0,2020-10-30
Butte,3172.0,53.0,12,0,2020-10-31
Butte,3185.0,53.0,13,0,2020-11-01
Butte,3198.0,54.0,13,1,2020-11-02
Butte,3211.0,54.0,13,0,2020-11-03
Butte,3218.0,54.0,7,0,2020-11-04
Butte,3239.0,54.0,21,0,2020-11-05
Butte,3254.0,54.0,15,0,2020-11-06
Butte,3262.0,54.0,8,0,2020-11-07
Butte,3285.0,54.0,23,0,2020-11-08
Butte,3301.0,56.0,16,2,2020-11-09
Butte,3327.0,56.0,26,0,2020-11-10
Butte,3348.0,56.0,21,0,2020-11-11
Butte,3347.0,56.0,-1,0,2020-11-12
Butte,3402.0,56.0,55,0,2020-11-13
Butte,3434.0,56.0,32,0,2020-11-14
Butte,3452.0,56.0,18,0,2020-11-15
Butte,3490.0,57.0,38,1,2020-11-16
Butte,3500.0,57.0,10,0,2020-11-17
Butte,3537.0,58.0,37,1,2020-11-18
Butte,3576.0,58.0,39,0,2020-11-19
Butte,3618.0,59.0,42,1,2020-11-20
Butte,3664.0,59.0,46,0,2020-11-21
Butte,3712.0,59.0,48,0,2020-11-22
Butte,3765.0,59.0,53,0,2020-11-23
Butte,3798.0,59.0,33,0,2020-11-24
Butte,3848.0,59.0,50,0,2020-11-25
Butte,3894.0,59.0,46,0,2020-11-26
Butte,3894.0,59.0,0,0,2020-11-27
Butte,3894.0,59.0,0,0,2020-11-28
Butte,4008.0,59.0,114,0,2020-11-29
Butte,4148.0,60.0,140,1,2020-11-30
Butte,4177.0,60.0,29,0,2020-12-01
Butte,4243.0,60.0,66,0,2020-12-02
Butte,4305.0,60.0,62,0,2020-12-03
Butte,4336.0,60.0,31,0,2020-12-04
Butte,4455.0,60.0,119,0,2020-12-05
Butte,4527.0,60.0,72,0,2020-12-06
Butte,4604.0,62.0,77,2,2020-12-07
Butte,4651.0,62.0,47,0,2020-12-08
Butte,4733.0,64.0,82,2,2020-12-09
Butte,4863.0,64.0,130,0,2020-12-10
Butte,4941.0,67.0,78,3,2020-12-11
Butte,4972.0,67.0,31,0,2020-12-12
Butte,5103.0,67.0,131,0,2020-12-13
Butte,5202.0,67.0,99,0,2020-12-14
Santa Cruz,11.0,0.0,11,0,2020-03-18
Santa Cruz,13.0,0.0,2,0,2020-03-19
Santa Cruz,13.0,0.0,0,0,2020-03-20
Santa Cruz,17.0,0.0,4,0,2020-03-21
Santa Cruz,19.0,0.0,2,0,2020-03-22
Santa Cruz,21.0,0.0,2,0,2020-03-23
Santa Cruz,22.0,0.0,1,0,2020-03-24
Santa Cruz,26.0,0.0,4,0,2020-03-25
Santa Cruz,30.0,0.0,4,0,2020-03-26
Santa Cruz,31.0,0.0,1,0,2020-03-27
Santa Cruz,31.0,0.0,0,0,2020-03-28
Santa Cruz,33.0,1.0,2,1,2020-03-29
Santa Cruz,36.0,1.0,3,0,2020-03-30
Santa Cruz,40.0,1.0,4,0,2020-03-31
Santa Cruz,44.0,1.0,4,0,2020-04-01
Santa Cruz,49.0,1.0,5,0,2020-04-02
Santa Cruz,52.0,1.0,3,0,2020-04-03
Santa Cruz,56.0,1.0,4,0,2020-04-04
Santa Cruz,59.0,1.0,3,0,2020-04-05
Santa Cruz,65.0,1.0,6,0,2020-04-06
Santa Cruz,67.0,1.0,2,0,2020-04-07
Santa Cruz,69.0,1.0,2,0,2020-04-08
Santa Cruz,73.0,1.0,4,0,2020-04-09
Santa Cruz,75.0,1.0,2,0,2020-04-10
Santa Cruz,79.0,1.0,4,0,2020-04-11
Santa Cruz,80.0,1.0,1,0,2020-04-12
Santa Cruz,82.0,1.0,2,0,2020-04-13
Santa Cruz,84.0,1.0,2,0,2020-04-14
Santa Cruz,92.0,1.0,8,0,2020-04-15
Santa Cruz,90.0,2.0,-2,1,2020-04-16
Santa Cruz,94.0,2.0,4,0,2020-04-17
Santa Cruz,96.0,2.0,2,0,2020-04-18
Santa Cruz,98.0,2.0,2,0,2020-04-19
Santa Cruz,102.0,2.0,4,0,2020-04-20
Santa Cruz,104.0,2.0,2,0,2020-04-21
Santa Cruz,106.0,2.0,2,0,2020-04-22
Santa Cruz,110.0,2.0,4,0,2020-04-23
Santa Cruz,111.0,2.0,1,0,2020-04-24
Santa Cruz,112.0,2.0,1,0,2020-04-25
Santa Cruz,116.0,2.0,4,0,2020-04-26
Santa Cruz,123.0,2.0,7,0,2020-04-27
Santa Cruz,123.0,2.0,0,0,2020-04-28
Santa Cruz,124.0,2.0,1,0,2020-04-29
Santa Cruz,126.0,2.0,2,0,2020-04-30
Santa Cruz,127.0,2.0,1,0,2020-05-01
Santa Cruz,131.0,2.0,4,0,2020-05-02
Santa Cruz,133.0,2.0,2,0,2020-05-03
Santa Cruz,133.0,2.0,0,0,2020-05-04
Santa Cruz,134.0,2.0,1,0,2020-05-05
Santa Cruz,135.0,2.0,1,0,2020-05-06
Santa Cruz,136.0,2.0,1,0,2020-05-07
Santa Cruz,137.0,2.0,1,0,2020-05-08
Santa Cruz,138.0,2.0,1,0,2020-05-09
Santa Cruz,139.0,2.0,1,0,2020-05-10
Santa Cruz,140.0,2.0,1,0,2020-05-11
Santa Cruz,141.0,2.0,1,0,2020-05-12
Santa Cruz,142.0,2.0,1,0,2020-05-13
Santa Cruz,145.0,2.0,3,0,2020-05-14
Santa Cruz,146.0,3.0,1,1,2020-05-15
Santa Cruz,154.0,3.0,8,0,2020-05-16
Santa Cruz,155.0,3.0,1,0,2020-05-17
Santa Cruz,160.0,3.0,5,0,2020-05-18
Santa Cruz,161.0,3.0,1,0,2020-05-19
Santa Cruz,163.0,3.0,2,0,2020-05-20
Santa Cruz,164.0,3.0,1,0,2020-05-21
Santa Cruz,171.0,3.0,7,0,2020-05-22
Santa Cruz,177.0,3.0,6,0,2020-05-23
Santa Cruz,185.0,3.0,8,0,2020-05-24
Santa Cruz,191.0,3.0,6,0,2020-05-25
Santa Cruz,197.0,3.0,6,0,2020-05-26
Santa Cruz,202.0,3.0,5,0,2020-05-27
Santa Cruz,201.0,3.0,-1,0,2020-05-28
Santa Cruz,203.0,3.0,2,0,2020-05-29
Santa Cruz,206.0,3.0,3,0,2020-05-30
Santa Cruz,210.0,3.0,4,0,2020-05-31
Santa Cruz,215.0,3.0,5,0,2020-06-01
Santa Cruz,215.0,3.0,0,0,2020-06-02
Santa Cruz,217.0,3.0,2,0,2020-06-03
Santa Cruz,218.0,3.0,1,0,2020-06-04
Santa Cruz,222.0,3.0,4,0,2020-06-05
Santa Cruz,226.0,3.0,4,0,2020-06-06
Santa Cruz,230.0,3.0,4,0,2020-06-07
Santa Cruz,234.0,3.0,4,0,2020-06-08
Santa Cruz,237.0,3.0,3,0,2020-06-09
Santa Cruz,242.0,3.0,5,0,2020-06-10
Santa Cruz,247.0,3.0,5,0,2020-06-11
Santa Cruz,251.0,3.0,4,0,2020-06-12
Santa Cruz,254.0,3.0,3,0,2020-06-13
Santa Cruz,254.0,3.0,0,0,2020-06-14
Santa Cruz,254.0,3.0,0,0,2020-06-15
Santa Cruz,257.0,3.0,3,0,2020-06-16
Santa Cruz,265.0,3.0,8,0,2020-06-17
Santa Cruz,275.0,2.0,10,-1,2020-06-18
Santa Cruz,283.0,3.0,8,1,2020-06-19
Santa Cruz,287.0,3.0,4,0,2020-06-20
Santa Cruz,290.0,3.0,3,0,2020-06-21
Santa Cruz,290.0,3.0,0,0,2020-06-22
Santa Cruz,313.0,3.0,23,0,2020-06-23
Santa Cruz,329.0,3.0,16,0,2020-06-24
Santa Cruz,336.0,3.0,7,0,2020-06-25
Santa Cruz,346.0,3.0,10,0,2020-06-26
Santa Cruz,350.0,3.0,4,0,2020-06-27
Santa Cruz,360.0,3.0,10,0,2020-06-28
Santa Cruz,373.0,3.0,13,0,2020-06-29
Santa Cruz,391.0,3.0,18,0,2020-06-30
Santa Cruz,399.0,3.0,8,0,2020-07-01
Santa Cruz,414.0,3.0,15,0,2020-07-02
Santa Cruz,436.0,3.0,22,0,2020-07-03
Santa Cruz,466.0,3.0,30,0,2020-07-04
Santa Cruz,467.0,3.0,1,0,2020-07-05
Santa Cruz,466.0,3.0,-1,0,2020-07-06
Santa Cruz,502.0,3.0,36,0,2020-07-07
Santa Cruz,509.0,3.0,7,0,2020-07-08
Santa Cruz,526.0,3.0,17,0,2020-07-09
Santa Cruz,540.0,3.0,14,0,2020-07-10
Santa Cruz,571.0,3.0,31,0,2020-07-11
Santa Cruz,573.0,3.0,2,0,2020-07-12
Santa Cruz,574.0,3.0,1,0,2020-07-13
Santa Cruz,639.0,3.0,65,0,2020-07-14
Santa Cruz,660.0,3.0,21,0,2020-07-15
Santa Cruz,698.0,3.0,38,0,2020-07-16
Santa Cruz,716.0,3.0,18,0,2020-07-17
Santa Cruz,751.0,3.0,35,0,2020-07-18
Santa Cruz,753.0,3.0,2,0,2020-07-19
Santa Cruz,758.0,3.0,5,0,2020-07-20
Santa Cruz,835.0,3.0,77,0,2020-07-21
Santa Cruz,866.0,3.0,31,0,2020-07-22
Santa Cruz,887.0,4.0,21,1,2020-07-23
Santa Cruz,930.0,4.0,43,0,2020-07-24
Santa Cruz,939.0,4.0,9,0,2020-07-25
Santa Cruz,970.0,4.0,31,0,2020-07-26
Santa Cruz,984.0,4.0,14,0,2020-07-27
Santa Cruz,1018.0,4.0,34,0,2020-07-28
Santa Cruz,1051.0,4.0,33,0,2020-07-29
Santa Cruz,1087.0,4.0,36,0,2020-07-30
Santa Cruz,1118.0,4.0,31,0,2020-07-31
Santa Cruz,1164.0,4.0,46,0,2020-08-01
Santa Cruz,1162.0,4.0,-2,0,2020-08-02
Santa Cruz,1154.0,4.0,-8,0,2020-08-03
Santa Cruz,1202.0,4.0,48,0,2020-08-04
Santa Cruz,1192.0,4.0,-10,0,2020-08-05
Santa Cruz,1215.0,4.0,23,0,2020-08-06
Santa Cruz,1234.0,4.0,19,0,2020-08-07
Santa Cruz,1247.0,6.0,13,2,2020-08-08
Santa Cruz,1246.0,6.0,-1,0,2020-08-09
Santa Cruz,1239.0,6.0,-7,0,2020-08-10
Santa Cruz,1352.0,6.0,113,0,2020-08-11
Santa Cruz,1382.0,6.0,30,0,2020-08-12
Santa Cruz,1383.0,6.0,1,0,2020-08-13
Santa Cruz,1418.0,6.0,35,0,2020-08-14
Santa Cruz,1449.0,7.0,31,1,2020-08-15
Santa Cruz,1449.0,7.0,0,0,2020-08-16
Santa Cruz,1453.0,7.0,4,0,2020-08-17
Santa Cruz,1509.0,7.0,56,0,2020-08-18
Santa Cruz,1554.0,7.0,45,0,2020-08-19
Santa Cruz,1581.0,7.0,27,0,2020-08-20
Santa Cruz,1617.0,7.0,36,0,2020-08-21
Santa Cruz,1628.0,7.0,11,0,2020-08-22
Santa Cruz,1627.0,7.0,-1,0,2020-08-23
Santa Cruz,1627.0,7.0,0,0,2020-08-24
Santa Cruz,1708.0,7.0,81,0,2020-08-25
Santa Cruz,1726.0,7.0,18,0,2020-08-26
Santa Cruz,1734.0,7.0,8,0,2020-08-27
Santa Cruz,1747.0,7.0,13,0,2020-08-28
Santa Cruz,1746.0,7.0,-1,0,2020-08-29
Santa Cruz,1743.0,7.0,-3,0,2020-08-30
Santa Cruz,1742.0,7.0,-1,0,2020-08-31
Santa Cruz,1752.0,7.0,10,0,2020-09-01
Santa Cruz,1850.0,7.0,98,0,2020-09-02
Santa Cruz,1870.0,7.0,20,0,2020-09-03
Santa Cruz,1896.0,7.0,26,0,2020-09-04
Santa Cruz,1904.0,7.0,8,0,2020-09-05
Santa Cruz,1902.0,7.0,-2,0,2020-09-06
Santa Cruz,1902.0,7.0,0,0,2020-09-07
Santa Cruz,1903.0,7.0,1,0,2020-09-08
Santa Cruz,1967.0,7.0,64,0,2020-09-09
Santa Cruz,1986.0,7.0,19,0,2020-09-10
Santa Cruz,1997.0,7.0,11,0,2020-09-11
Santa Cruz,2016.0,7.0,19,0,2020-09-12
Santa Cruz,2016.0,7.0,0,0,2020-09-13
Santa Cruz,2016.0,7.0,0,0,2020-09-14
Santa Cruz,2079.0,7.0,63,0,2020-09-15
Santa Cruz,2089.0,8.0,10,1,2020-09-16
Santa Cruz,2155.0,8.0,66,0,2020-09-17
Santa Cruz,2180.0,8.0,25,0,2020-09-18
Santa Cruz,2198.0,8.0,18,0,2020-09-19
Santa Cruz,2199.0,8.0,1,0,2020-09-20
Santa Cruz,2257.0,8.0,58,0,2020-09-21
Santa Cruz,2264.0,8.0,7,0,2020-09-22
Santa Cruz,2283.0,9.0,19,1,2020-09-23
Santa Cruz,2300.0,9.0,17,0,2020-09-24
Santa Cruz,2309.0,9.0,9,0,2020-09-25
Santa Cruz,2336.0,9.0,27,0,2020-09-26
Santa Cruz,2359.0,9.0,23,0,2020-09-27
Santa Cruz,2359.0,9.0,0,0,2020-09-28
Santa Cruz,2383.0,10.0,24,1,2020-09-29
Santa Cruz,2405.0,12.0,22,2,2020-09-30
Santa Cruz,2418.0,12.0,13,0,2020-10-01
Santa Cruz,2463.0,12.0,45,0,2020-10-02
Santa Cruz,2476.0,12.0,13,0,2020-10-03
Santa Cruz,2483.0,12.0,7,0,2020-10-04
Santa Cruz,2492.0,12.0,9,0,2020-10-05
Santa Cruz,2510.0,14.0,18,2,2020-10-06
Santa Cruz,2518.0,18.0,8,4,2020-10-07
Santa Cruz,2535.0,19.0,17,1,2020-10-08
Santa Cruz,2555.0,20.0,20,1,2020-10-09
Santa Cruz,2572.0,20.0,17,0,2020-10-10
Santa Cruz,2578.0,20.0,6,0,2020-10-11
Santa Cruz,2590.0,20.0,12,0,2020-10-12
Santa Cruz,2603.0,20.0,13,0,2020-10-13
Santa Cruz,2618.0,23.0,15,3,2020-10-14
Santa Cruz,2656.0,23.0,38,0,2020-10-15
Santa Cruz,2666.0,23.0,10,0,2020-10-16
Santa Cruz,2680.0,23.0,14,0,2020-10-17
Santa Cruz,2692.0,23.0,12,0,2020-10-18
Santa Cruz,2705.0,23.0,13,0,2020-10-19
Santa Cruz,2710.0,24.0,5,1,2020-10-20
Santa Cruz,2729.0,25.0,19,1,2020-10-21
Santa Cruz,2738.0,25.0,9,0,2020-10-22
Santa Cruz,2757.0,25.0,19,0,2020-10-23
Santa Cruz,2775.0,25.0,18,0,2020-10-24
Santa Cruz,2789.0,25.0,14,0,2020-10-25
Santa Cruz,2808.0,25.0,19,0,2020-10-26
Santa Cruz,2815.0,25.0,7,0,2020-10-27
Santa Cruz,2836.0,25.0,21,0,2020-10-28
Santa Cruz,2850.0,25.0,14,0,2020-10-29
Santa Cruz,2874.0,26.0,24,1,2020-10-30
Santa Cruz,2895.0,26.0,21,0,2020-10-31
Santa Cruz,2921.0,26.0,26,0,2020-11-01
Santa Cruz,2943.0,26.0,22,0,2020-11-02
Santa Cruz,2980.0,26.0,37,0,2020-11-03
Santa Cruz,2997.0,26.0,17,0,2020-11-04
Santa Cruz,3023.0,26.0,26,0,2020-11-05
Santa Cruz,3063.0,26.0,40,0,2020-11-06
Santa Cruz,3101.0,26.0,38,0,2020-11-07
Santa Cruz,3134.0,26.0,33,0,2020-11-08
Santa Cruz,3194.0,26.0,60,0,2020-11-09
Santa Cruz,3221.0,26.0,27,0,2020-11-10
Santa Cruz,3247.0,26.0,26,0,2020-11-11
Santa Cruz,3317.0,26.0,70,0,2020-11-12
Santa Cruz,3343.0,26.0,26,0,2020-11-13
Santa Cruz,3402.0,26.0,59,0,2020-11-14
Santa Cruz,3439.0,26.0,37,0,2020-11-15
Santa Cruz,3520.0,26.0,81,0,2020-11-16
Santa Cruz,3548.0,26.0,28,0,2020-11-17
Santa Cruz,3618.0,27.0,70,1,2020-11-18
Santa Cruz,3679.0,27.0,61,0,2020-11-19
Santa Cruz,3815.0,27.0,136,0,2020-11-20
Santa Cruz,3898.0,27.0,83,0,2020-11-21
Santa Cruz,3896.0,27.0,-2,0,2020-11-22
Santa Cruz,4003.0,28.0,107,1,2020-11-23
Santa Cruz,4132.0,28.0,129,0,2020-11-24
Santa Cruz,4202.0,28.0,70,0,2020-11-25
Santa Cruz,4269.0,28.0,67,0,2020-11-26
Santa Cruz,4358.0,28.0,89,0,2020-11-27
Santa Cruz,4426.0,28.0,68,0,2020-11-28
Santa Cruz,4490.0,28.0,64,0,2020-11-29
Santa Cruz,4558.0,28.0,68,0,2020-11-30
Santa Cruz,4638.0,29.0,80,1,2020-12-01
Santa Cruz,4766.0,33.0,128,4,2020-12-02
Santa Cruz,4850.0,37.0,84,4,2020-12-03
Santa Cruz,4985.0,40.0,135,3,2020-12-04
Santa Cruz,4997.0,40.0,12,0,2020-12-05
Santa Cruz,5069.0,40.0,72,0,2020-12-06
Santa Cruz,5152.0,44.0,83,4,2020-12-07
Santa Cruz,5374.0,47.0,222,3,2020-12-08
Santa Cruz,5527.0,47.0,153,0,2020-12-09
Santa Cruz,5645.0,47.0,118,0,2020-12-10
Santa Cruz,5764.0,53.0,119,6,2020-12-11
Santa Cruz,5905.0,53.0,141,0,2020-12-12
Santa Cruz,5986.0,53.0,81,0,2020-12-13
Santa Cruz,6049.0,55.0,63,2,2020-12-14
Mendocino,0.0,0.0,0,0,2020-03-18
Mendocino,1.0,0.0,1,0,2020-03-19
Mendocino,1.0,0.0,0,0,2020-03-20
Mendocino,1.0,0.0,0,0,2020-03-21
Mendocino,1.0,0.0,0,0,2020-03-22
Mendocino,1.0,0.0,0,0,2020-03-23
Mendocino,1.0,0.0,0,0,2020-03-24
Mendocino,1.0,0.0,0,0,2020-03-25
Mendocino,1.0,0.0,0,0,2020-03-26
Mendocino,2.0,0.0,1,0,2020-03-27
Mendocino,2.0,0.0,0,0,2020-03-28
Mendocino,2.0,0.0,0,0,2020-03-29
Mendocino,2.0,0.0,0,0,2020-03-30
Mendocino,4.0,0.0,2,0,2020-03-31
Mendocino,4.0,0.0,0,0,2020-04-01
Mendocino,4.0,0.0,0,0,2020-04-02
Mendocino,4.0,0.0,0,0,2020-04-03
Mendocino,4.0,0.0,0,0,2020-04-04
Mendocino,4.0,0.0,0,0,2020-04-05
Mendocino,4.0,0.0,0,0,2020-04-06
Mendocino,4.0,0.0,0,0,2020-04-07
Mendocino,4.0,0.0,0,0,2020-04-08
Mendocino,4.0,0.0,0,0,2020-04-09
Mendocino,4.0,0.0,0,0,2020-04-10
Mendocino,4.0,0.0,0,0,2020-04-11
Mendocino,4.0,0.0,0,0,2020-04-12
Mendocino,4.0,0.0,0,0,2020-04-13
Mendocino,4.0,0.0,0,0,2020-04-14
Mendocino,4.0,0.0,0,0,2020-04-15
Mendocino,4.0,0.0,0,0,2020-04-16
Mendocino,4.0,0.0,0,0,2020-04-17
Mendocino,4.0,0.0,0,0,2020-04-18
Mendocino,4.0,0.0,0,0,2020-04-19
Mendocino,5.0,0.0,1,0,2020-04-20
Mendocino,5.0,0.0,0,0,2020-04-21
Mendocino,5.0,0.0,0,0,2020-04-22
Mendocino,5.0,0.0,0,0,2020-04-23
Mendocino,5.0,0.0,0,0,2020-04-24
Mendocino,5.0,0.0,0,0,2020-04-25
Mendocino,5.0,0.0,0,0,2020-04-26
Mendocino,10.0,0.0,5,0,2020-04-27
Mendocino,10.0,0.0,0,0,2020-04-28
Mendocino,11.0,0.0,1,0,2020-04-29
Mendocino,11.0,0.0,0,0,2020-04-30
Mendocino,11.0,0.0,0,0,2020-05-01
Mendocino,10.0,0.0,-1,0,2020-05-02
Mendocino,10.0,0.0,0,0,2020-05-03
Mendocino,10.0,0.0,0,0,2020-05-04
Mendocino,10.0,0.0,0,0,2020-05-05
Mendocino,10.0,0.0,0,0,2020-05-06
Mendocino,10.0,0.0,0,0,2020-05-07
Mendocino,10.0,0.0,0,0,2020-05-08
Mendocino,10.0,0.0,0,0,2020-05-09
Mendocino,10.0,0.0,0,0,2020-05-10
Mendocino,10.0,0.0,0,0,2020-05-11
Mendocino,10.0,0.0,0,0,2020-05-12
Mendocino,10.0,0.0,0,0,2020-05-13
Mendocino,10.0,0.0,0,0,2020-05-14
Mendocino,10.0,0.0,0,0,2020-05-15
Mendocino,10.0,0.0,0,0,2020-05-16
Mendocino,10.0,0.0,0,0,2020-05-17
Mendocino,12.0,0.0,2,0,2020-05-18
Mendocino,12.0,0.0,0,0,2020-05-19
Mendocino,12.0,0.0,0,0,2020-05-20
Mendocino,12.0,0.0,0,0,2020-05-21
Mendocino,13.0,0.0,1,0,2020-05-22
Mendocino,13.0,0.0,0,0,2020-05-23
Mendocino,19.0,0.0,6,0,2020-05-24
Mendocino,19.0,0.0,0,0,2020-05-25
Mendocino,20.0,0.0,1,0,2020-05-26
Mendocino,21.0,0.0,1,0,2020-05-27
Mendocino,24.0,0.0,3,0,2020-05-28
Mendocino,25.0,0.0,1,0,2020-05-29
Mendocino,24.0,0.0,-1,0,2020-05-30
Mendocino,24.0,0.0,0,0,2020-05-31
Mendocino,28.0,0.0,4,0,2020-06-01
Mendocino,29.0,0.0,1,0,2020-06-02
Mendocino,29.0,0.0,0,0,2020-06-03
Mendocino,29.0,0.0,0,0,2020-06-04
Mendocino,32.0,0.0,3,0,2020-06-05
Mendocino,32.0,0.0,0,0,2020-06-06
Mendocino,32.0,0.0,0,0,2020-06-07
Mendocino,32.0,0.0,0,0,2020-06-08
Mendocino,35.0,0.0,3,0,2020-06-09
Mendocino,35.0,0.0,0,0,2020-06-10
Mendocino,35.0,0.0,0,0,2020-06-11
Mendocino,33.0,0.0,-2,0,2020-06-12
Mendocino,33.0,0.0,0,0,2020-06-13
Mendocino,33.0,0.0,0,0,2020-06-14
Mendocino,33.0,0.0,0,0,2020-06-15
Mendocino,35.0,0.0,2,0,2020-06-16
Mendocino,42.0,0.0,7,0,2020-06-17
Mendocino,45.0,0.0,3,0,2020-06-18
Mendocino,48.0,0.0,3,0,2020-06-19
Mendocino,48.0,0.0,0,0,2020-06-20
Mendocino,48.0,0.0,0,0,2020-06-21
Mendocino,48.0,0.0,0,0,2020-06-22
Mendocino,61.0,0.0,13,0,2020-06-23
Mendocino,60.0,0.0,-1,0,2020-06-24
Mendocino,61.0,0.0,1,0,2020-06-25
Mendocino,63.0,0.0,2,0,2020-06-26
Mendocino,63.0,0.0,0,0,2020-06-27
Mendocino,64.0,0.0,1,0,2020-06-28
Mendocino,66.0,0.0,2,0,2020-06-29
Mendocino,68.0,0.0,2,0,2020-06-30
Mendocino,70.0,0.0,2,0,2020-07-01
Mendocino,71.0,0.0,1,0,2020-07-02
Mendocino,72.0,0.0,1,0,2020-07-03
Mendocino,72.0,0.0,0,0,2020-07-04
Mendocino,72.0,0.0,0,0,2020-07-05
Mendocino,72.0,0.0,0,0,2020-07-06
Mendocino,82.0,0.0,10,0,2020-07-07
Mendocino,84.0,0.0,2,0,2020-07-08
Mendocino,88.0,0.0,4,0,2020-07-09
Mendocino,88.0,0.0,0,0,2020-07-10
Mendocino,88.0,0.0,0,0,2020-07-11
Mendocino,88.0,0.0,0,0,2020-07-12
Mendocino,87.0,0.0,-1,0,2020-07-13
Mendocino,110.0,0.0,23,0,2020-07-14
Mendocino,119.0,0.0,9,0,2020-07-15
Mendocino,121.0,0.0,2,0,2020-07-16
Mendocino,126.0,0.0,5,0,2020-07-17
Mendocino,137.0,0.0,11,0,2020-07-18
Mendocino,137.0,0.0,0,0,2020-07-19
Mendocino,153.0,0.0,16,0,2020-07-20
Mendocino,160.0,0.0,7,0,2020-07-21
Mendocino,166.0,0.0,6,0,2020-07-22
Mendocino,178.0,3.0,12,3,2020-07-23
Mendocino,188.0,4.0,10,1,2020-07-24
Mendocino,190.0,6.0,2,2,2020-07-25
Mendocino,206.0,6.0,16,0,2020-07-26
Mendocino,209.0,6.0,3,0,2020-07-27
Mendocino,222.0,6.0,13,0,2020-07-28
Mendocino,228.0,6.0,6,0,2020-07-29
Mendocino,232.0,6.0,4,0,2020-07-30
Mendocino,232.0,9.0,0,3,2020-07-31
Mendocino,243.0,9.0,11,0,2020-08-01
Mendocino,247.0,9.0,4,0,2020-08-02
Mendocino,248.0,9.0,1,0,2020-08-03
Mendocino,248.0,9.0,0,0,2020-08-04
Mendocino,248.0,10.0,0,1,2020-08-05
Mendocino,260.0,10.0,12,0,2020-08-06
Mendocino,262.0,10.0,2,0,2020-08-07
Mendocino,264.0,10.0,2,0,2020-08-08
Mendocino,283.0,10.0,19,0,2020-08-09
Mendocino,364.0,10.0,81,0,2020-08-10
Mendocino,385.0,10.0,21,0,2020-08-11
Mendocino,386.0,10.0,1,0,2020-08-12
Mendocino,401.0,10.0,15,0,2020-08-13
Mendocino,432.0,10.0,31,0,2020-08-14
Mendocino,444.0,10.0,12,0,2020-08-15
Mendocino,451.0,10.0,7,0,2020-08-16
Mendocino,454.0,10.0,3,0,2020-08-17
Mendocino,468.0,12.0,14,2,2020-08-18
Mendocino,495.0,12.0,27,0,2020-08-19
Mendocino,497.0,14.0,2,2,2020-08-20
Mendocino,505.0,16.0,8,2,2020-08-21
Mendocino,529.0,16.0,24,0,2020-08-22
Mendocino,550.0,16.0,21,0,2020-08-23
Mendocino,550.0,16.0,0,0,2020-08-24
Mendocino,571.0,16.0,21,0,2020-08-25
Mendocino,581.0,16.0,10,0,2020-08-26
Mendocino,581.0,17.0,0,1,2020-08-27
Mendocino,588.0,17.0,7,0,2020-08-28
Mendocino,596.0,17.0,8,0,2020-08-29
Mendocino,611.0,17.0,15,0,2020-08-30
Mendocino,618.0,17.0,7,0,2020-08-31
Mendocino,626.0,17.0,8,0,2020-09-01
Mendocino,636.0,17.0,10,0,2020-09-02
Mendocino,638.0,17.0,2,0,2020-09-03
Mendocino,646.0,17.0,8,0,2020-09-04
Mendocino,658.0,17.0,12,0,2020-09-05
Mendocino,672.0,17.0,14,0,2020-09-06
Mendocino,687.0,17.0,15,0,2020-09-07
Mendocino,690.0,17.0,3,0,2020-09-08
Mendocino,695.0,17.0,5,0,2020-09-09
Mendocino,697.0,18.0,2,1,2020-09-10
Mendocino,700.0,17.0,3,-1,2020-09-11
Mendocino,700.0,17.0,0,0,2020-09-12
Mendocino,707.0,17.0,7,0,2020-09-13
Mendocino,710.0,17.0,3,0,2020-09-14
Mendocino,724.0,18.0,14,1,2020-09-15
Mendocino,727.0,18.0,3,0,2020-09-16
Mendocino,737.0,18.0,10,0,2020-09-17
Mendocino,739.0,18.0,2,0,2020-09-18
Mendocino,750.0,18.0,11,0,2020-09-19
Mendocino,765.0,18.0,15,0,2020-09-20
Mendocino,778.0,18.0,13,0,2020-09-21
Mendocino,794.0,18.0,16,0,2020-09-22
Mendocino,801.0,18.0,7,0,2020-09-23
Mendocino,810.0,18.0,9,0,2020-09-24
Mendocino,819.0,18.0,9,0,2020-09-25
Mendocino,836.0,18.0,17,0,2020-09-26
Mendocino,846.0,18.0,10,0,2020-09-27
Mendocino,850.0,18.0,4,0,2020-09-28
Mendocino,854.0,18.0,4,0,2020-09-29
Mendocino,867.0,18.0,13,0,2020-09-30
Mendocino,874.0,19.0,7,1,2020-10-01
Mendocino,883.0,19.0,9,0,2020-10-02
Mendocino,898.0,19.0,15,0,2020-10-03
Mendocino,905.0,20.0,7,1,2020-10-04
Mendocino,913.0,20.0,8,0,2020-10-05
Mendocino,920.0,20.0,7,0,2020-10-06
Mendocino,927.0,21.0,7,1,2020-10-07
Mendocino,930.0,21.0,3,0,2020-10-08
Mendocino,933.0,21.0,3,0,2020-10-09
Mendocino,935.0,21.0,2,0,2020-10-10
Mendocino,944.0,21.0,9,0,2020-10-11
Mendocino,947.0,21.0,3,0,2020-10-12
Mendocino,950.0,21.0,3,0,2020-10-13
Mendocino,955.0,21.0,5,0,2020-10-14
Mendocino,963.0,21.0,8,0,2020-10-15
Mendocino,974.0,21.0,11,0,2020-10-16
Mendocino,977.0,21.0,3,0,2020-10-17
Mendocino,988.0,21.0,11,0,2020-10-18
Mendocino,1001.0,21.0,13,0,2020-10-19
Mendocino,1004.0,21.0,3,0,2020-10-20
Mendocino,1011.0,21.0,7,0,2020-10-21
Mendocino,1016.0,21.0,5,0,2020-10-22
Mendocino,1019.0,21.0,3,0,2020-10-23
Mendocino,1022.0,21.0,3,0,2020-10-24
Mendocino,1024.0,21.0,2,0,2020-10-25
Mendocino,1026.0,21.0,2,0,2020-10-26
Mendocino,1033.0,21.0,7,0,2020-10-27
Mendocino,1037.0,21.0,4,0,2020-10-28
Mendocino,1058.0,21.0,21,0,2020-10-29
Mendocino,1062.0,21.0,4,0,2020-10-30
Mendocino,1066.0,21.0,4,0,2020-10-31
Mendocino,1074.0,21.0,8,0,2020-11-01
Mendocino,1076.0,21.0,2,0,2020-11-02
Mendocino,1084.0,21.0,8,0,2020-11-03
Mendocino,1089.0,21.0,5,0,2020-11-04
Mendocino,1112.0,21.0,23,0,2020-11-05
Mendocino,1113.0,21.0,1,0,2020-11-06
Mendocino,1118.0,21.0,5,0,2020-11-07
Mendocino,1129.0,21.0,11,0,2020-11-08
Mendocino,1132.0,21.0,3,0,2020-11-09
Mendocino,1137.0,21.0,5,0,2020-11-10
Mendocino,1142.0,22.0,5,1,2020-11-11
Mendocino,1142.0,22.0,0,0,2020-11-12
Mendocino,1173.0,22.0,31,0,2020-11-13
Mendocino,1181.0,22.0,8,0,2020-11-14
Mendocino,1197.0,22.0,16,0,2020-11-15
Mendocino,1209.0,22.0,12,0,2020-11-16
Mendocino,1216.0,22.0,7,0,2020-11-17
Mendocino,1237.0,22.0,21,0,2020-11-18
Mendocino,1237.0,22.0,0,0,2020-11-19
Mendocino,1269.0,22.0,32,0,2020-11-20
Mendocino,1282.0,22.0,13,0,2020-11-21
Mendocino,1285.0,22.0,3,0,2020-11-22
Mendocino,1330.0,22.0,45,0,2020-11-23
Mendocino,1346.0,22.0,16,0,2020-11-24
Mendocino,1373.0,22.0,27,0,2020-11-25
Mendocino,1387.0,22.0,14,0,2020-11-26
Mendocino,1387.0,22.0,0,0,2020-11-27
Mendocino,1458.0,23.0,71,1,2020-11-28
Mendocino,1473.0,23.0,15,0,2020-11-29
Mendocino,1482.0,23.0,9,0,2020-11-30
Mendocino,1497.0,23.0,15,0,2020-12-01
Mendocino,1524.0,23.0,27,0,2020-12-02
Mendocino,1547.0,23.0,23,0,2020-12-03
Mendocino,1563.0,23.0,16,0,2020-12-04
Mendocino,1585.0,23.0,22,0,2020-12-05
Mendocino,1614.0,23.0,29,0,2020-12-06
Mendocino,1638.0,23.0,24,0,2020-12-07
Mendocino,1666.0,24.0,28,1,2020-12-08
Mendocino,1703.0,24.0,37,0,2020-12-09
Mendocino,1748.0,24.0,45,0,2020-12-10
Mendocino,1769.0,24.0,21,0,2020-12-11
Mendocino,1771.0,24.0,2,0,2020-12-12
Mendocino,1793.0,24.0,22,0,2020-12-13
Mendocino,1845.0,24.0,52,0,2020-12-14
Fresno,3.0,0.0,3,0,2020-03-18
Fresno,6.0,0.0,3,0,2020-03-19
Fresno,7.0,0.0,1,0,2020-03-20
Fresno,8.0,0.0,1,0,2020-03-21
Fresno,8.0,0.0,0,0,2020-03-22
Fresno,10.0,0.0,2,0,2020-03-23
Fresno,18.0,0.0,8,0,2020-03-24
Fresno,21.0,0.0,3,0,2020-03-25
Fresno,25.0,0.0,4,0,2020-03-26
Fresno,29.0,0.0,4,0,2020-03-27
Fresno,31.0,0.0,2,0,2020-03-28
Fresno,31.0,0.0,0,0,2020-03-29
Fresno,46.0,0.0,15,0,2020-03-30
Fresno,59.0,0.0,13,0,2020-03-31
Fresno,75.0,0.0,16,0,2020-04-01
Fresno,92.0,0.0,17,0,2020-04-02
Fresno,98.0,1.0,6,1,2020-04-03
Fresno,102.0,1.0,4,0,2020-04-04
Fresno,102.0,1.0,0,0,2020-04-05
Fresno,122.0,1.0,20,0,2020-04-06
Fresno,138.0,3.0,16,2,2020-04-07
Fresno,151.0,3.0,13,0,2020-04-08
Fresno,165.0,3.0,14,0,2020-04-09
Fresno,186.0,4.0,21,1,2020-04-10
Fresno,201.0,4.0,15,0,2020-04-11
Fresno,205.0,4.0,4,0,2020-04-12
Fresno,209.0,5.0,4,1,2020-04-13
Fresno,244.0,5.0,35,0,2020-04-14
Fresno,264.0,7.0,20,2,2020-04-15
Fresno,289.0,7.0,25,0,2020-04-16
Fresno,315.0,7.0,26,0,2020-04-17
Fresno,319.0,7.0,4,0,2020-04-18
Fresno,326.0,7.0,7,0,2020-04-19
Fresno,356.0,7.0,30,0,2020-04-20
Fresno,372.0,7.0,16,0,2020-04-21
Fresno,388.0,7.0,16,0,2020-04-22
Fresno,426.0,7.0,38,0,2020-04-23
Fresno,449.0,7.0,23,0,2020-04-24
Fresno,459.0,7.0,10,0,2020-04-25
Fresno,476.0,7.0,17,0,2020-04-26
Fresno,504.0,7.0,28,0,2020-04-27
Fresno,525.0,7.0,21,0,2020-04-28
Fresno,544.0,7.0,19,0,2020-04-29
Fresno,562.0,7.0,18,0,2020-04-30
Fresno,617.0,8.0,55,1,2020-05-01
Fresno,629.0,8.0,12,0,2020-05-02
Fresno,646.0,8.0,17,0,2020-05-03
Fresno,680.0,9.0,34,1,2020-05-04
Fresno,726.0,9.0,46,0,2020-05-05
Fresno,773.0,9.0,47,0,2020-05-06
Fresno,812.0,9.0,39,0,2020-05-07
Fresno,838.0,9.0,26,0,2020-05-08
Fresno,861.0,9.0,23,0,2020-05-09
Fresno,894.0,9.0,33,0,2020-05-10
Fresno,937.0,9.0,43,0,2020-05-11
Fresno,978.0,10.0,41,1,2020-05-12
Fresno,993.0,13.0,15,3,2020-05-13
Fresno,1038.0,13.0,45,0,2020-05-14
Fresno,1126.0,16.0,88,3,2020-05-15
Fresno,1177.0,16.0,51,0,2020-05-16
Fresno,1213.0,16.0,36,0,2020-05-17
Fresno,1244.0,17.0,31,1,2020-05-18
Fresno,1288.0,17.0,44,0,2020-05-19
Fresno,1329.0,20.0,41,3,2020-05-20
Fresno,1362.0,22.0,33,2,2020-05-21
Fresno,1399.0,22.0,37,0,2020-05-22
Fresno,1447.0,22.0,48,0,2020-05-23
Fresno,1455.0,22.0,8,0,2020-05-24
Fresno,1496.0,22.0,41,0,2020-05-25
Fresno,1496.0,26.0,0,4,2020-05-26
Fresno,1620.0,30.0,124,4,2020-05-27
Fresno,1653.0,32.0,33,2,2020-05-28
Fresno,1687.0,35.0,34,3,2020-05-29
Fresno,1744.0,35.0,57,0,2020-05-30
Fresno,1780.0,35.0,36,0,2020-05-31
Fresno,1854.0,36.0,74,1,2020-06-01
Fresno,1917.0,37.0,63,1,2020-06-02
Fresno,1943.0,37.0,26,0,2020-06-03
Fresno,2007.0,40.0,64,3,2020-06-04
Fresno,2051.0,43.0,44,3,2020-06-05
Fresno,2117.0,43.0,66,0,2020-06-06
Fresno,2144.0,43.0,27,0,2020-06-07
Fresno,2194.0,43.0,50,0,2020-06-08
Fresno,2278.0,48.0,84,5,2020-06-09
Fresno,2324.0,49.0,46,1,2020-06-10
Fresno,2338.0,51.0,14,2,2020-06-11
Fresno,2428.0,52.0,90,1,2020-06-12
Fresno,2499.0,52.0,71,0,2020-06-13
Fresno,2585.0,52.0,86,0,2020-06-14
Fresno,2616.0,55.0,31,3,2020-06-15
Fresno,2731.0,57.0,115,2,2020-06-16
Fresno,2801.0,61.0,70,4,2020-06-17
Fresno,2947.0,62.0,146,1,2020-06-18
Fresno,3109.0,66.0,162,4,2020-06-19
Fresno,3222.0,66.0,113,0,2020-06-20
Fresno,3296.0,66.0,74,0,2020-06-21
Fresno,3425.0,67.0,129,1,2020-06-22
Fresno,3569.0,70.0,144,3,2020-06-23
Fresno,3765.0,71.0,196,1,2020-06-24
Fresno,3958.0,71.0,193,0,2020-06-25
Fresno,4197.0,72.0,239,1,2020-06-26
Fresno,4362.0,72.0,165,0,2020-06-27
Fresno,4492.0,72.0,130,0,2020-06-28
Fresno,4807.0,72.0,315,0,2020-06-29
Fresno,5011.0,74.0,204,2,2020-06-30
Fresno,5264.0,75.0,253,1,2020-07-01
Fresno,5402.0,77.0,138,2,2020-07-02
Fresno,5783.0,77.0,381,0,2020-07-03
Fresno,5999.0,77.0,216,0,2020-07-04
Fresno,6186.0,77.0,187,0,2020-07-05
Fresno,6364.0,78.0,178,1,2020-07-06
Fresno,6738.0,81.0,374,3,2020-07-07
Fresno,7102.0,84.0,364,3,2020-07-08
Fresno,7385.0,87.0,283,3,2020-07-09
Fresno,7760.0,87.0,375,0,2020-07-10
Fresno,8086.0,88.0,326,1,2020-07-11
Fresno,8407.0,88.0,321,0,2020-07-12
Fresno,8666.0,88.0,259,0,2020-07-13
Fresno,8941.0,91.0,275,3,2020-07-14
Fresno,9124.0,91.0,183,0,2020-07-15
Fresno,9481.0,91.0,357,0,2020-07-16
Fresno,9954.0,100.0,473,9,2020-07-17
Fresno,10381.0,100.0,427,0,2020-07-18
Fresno,10639.0,100.0,258,0,2020-07-19
Fresno,10891.0,100.0,252,0,2020-07-20
Fresno,11412.0,104.0,521,4,2020-07-21
Fresno,11756.0,104.0,344,0,2020-07-22
Fresno,12164.0,104.0,408,0,2020-07-23
Fresno,12564.0,112.0,400,8,2020-07-24
Fresno,12866.0,112.0,302,0,2020-07-25
Fresno,13209.0,112.0,343,0,2020-07-26
Fresno,13485.0,112.0,276,0,2020-07-27
Fresno,13933.0,120.0,448,8,2020-07-28
Fresno,14312.0,120.0,379,0,2020-07-29
Fresno,14793.0,120.0,481,0,2020-07-30
Fresno,15083.0,138.0,290,18,2020-07-31
Fresno,15448.0,138.0,365,0,2020-08-01
Fresno,15759.0,138.0,311,0,2020-08-02
Fresno,15945.0,138.0,186,0,2020-08-03
Fresno,16272.0,157.0,327,19,2020-08-04
Fresno,16625.0,157.0,353,0,2020-08-05
Fresno,17031.0,157.0,406,0,2020-08-06
Fresno,17290.0,171.0,259,14,2020-08-07
Fresno,17538.0,171.0,248,0,2020-08-08
Fresno,17846.0,171.0,308,0,2020-08-09
Fresno,17978.0,171.0,132,0,2020-08-10
Fresno,18344.0,191.0,366,20,2020-08-11
Fresno,18690.0,191.0,346,0,2020-08-12
Fresno,19157.0,191.0,467,0,2020-08-13
Fresno,19900.0,203.0,743,12,2020-08-14
Fresno,20603.0,203.0,703,0,2020-08-15
Fresno,21010.0,203.0,407,0,2020-08-16
Fresno,21316.0,203.0,306,0,2020-08-17
Fresno,21798.0,205.0,482,2,2020-08-18
Fresno,22167.0,205.0,369,0,2020-08-19
Fresno,22535.0,205.0,368,0,2020-08-20
Fresno,22840.0,226.0,305,21,2020-08-21
Fresno,23197.0,226.0,357,0,2020-08-22
Fresno,23414.0,226.0,217,0,2020-08-23
Fresno,23618.0,226.0,204,0,2020-08-24
Fresno,23932.0,239.0,314,13,2020-08-25
Fresno,24071.0,239.0,139,0,2020-08-26
Fresno,24367.0,239.0,296,0,2020-08-27
Fresno,24612.0,263.0,245,24,2020-08-28
Fresno,24821.0,263.0,209,0,2020-08-29
Fresno,24963.0,263.0,142,0,2020-08-30
Fresno,25185.0,263.0,222,0,2020-08-31
Fresno,25542.0,290.0,357,27,2020-09-01
Fresno,25785.0,290.0,243,0,2020-09-02
Fresno,25978.0,290.0,193,0,2020-09-03
Fresno,26147.0,312.0,169,22,2020-09-04
Fresno,26325.0,312.0,178,0,2020-09-05
Fresno,26471.0,312.0,146,0,2020-09-06
Fresno,26565.0,312.0,94,0,2020-09-07
Fresno,26640.0,326.0,75,14,2020-09-08
Fresno,26724.0,326.0,84,0,2020-09-09
Fresno,26783.0,326.0,59,0,2020-09-10
Fresno,26917.0,337.0,134,11,2020-09-11
Fresno,27076.0,337.0,159,0,2020-09-12
Fresno,27196.0,337.0,120,0,2020-09-13
Fresno,27232.0,337.0,36,0,2020-09-14
Fresno,27312.0,348.0,80,11,2020-09-15
Fresno,27381.0,348.0,69,0,2020-09-16
Fresno,27487.0,348.0,106,0,2020-09-17
Fresno,27560.0,355.0,73,7,2020-09-18
Fresno,27668.0,355.0,108,0,2020-09-19
Fresno,27769.0,355.0,101,0,2020-09-20
Fresno,27843.0,355.0,74,0,2020-09-21
Fresno,27944.0,362.0,101,7,2020-09-22
Fresno,28019.0,362.0,75,0,2020-09-23
Fresno,28106.0,362.0,87,0,2020-09-24
Fresno,28199.0,382.0,93,20,2020-09-25
Fresno,28336.0,382.0,137,0,2020-09-26
Fresno,28441.0,382.0,105,0,2020-09-27
Fresno,28517.0,382.0,76,0,2020-09-28
Fresno,28621.0,390.0,104,8,2020-09-29
Fresno,28706.0,390.0,85,0,2020-09-30
Fresno,28796.0,390.0,90,0,2020-10-01
Fresno,28855.0,399.0,59,9,2020-10-02
Fresno,28975.0,399.0,120,0,2020-10-03
Fresno,29065.0,399.0,90,0,2020-10-04
Fresno,29136.0,399.0,71,0,2020-10-05
Fresno,29022.0,406.0,-114,7,2020-10-06
Fresno,29069.0,406.0,47,0,2020-10-07
Fresno,29111.0,406.0,42,0,2020-10-08
Fresno,29208.0,406.0,97,0,2020-10-09
Fresno,29286.0,406.0,78,0,2020-10-10
Fresno,29419.0,406.0,133,0,2020-10-11
Fresno,29523.0,406.0,104,0,2020-10-12
Fresno,29579.0,424.0,56,18,2020-10-13
Fresno,29650.0,424.0,71,0,2020-10-14
Fresno,29727.0,424.0,77,0,2020-10-15
Fresno,29796.0,429.0,69,5,2020-10-16
Fresno,29911.0,429.0,115,0,2020-10-17
Fresno,30051.0,429.0,140,0,2020-10-18
Fresno,30152.0,429.0,101,0,2020-10-19
Fresno,30220.0,430.0,68,1,2020-10-20
Fresno,30328.0,430.0,108,0,2020-10-21
Fresno,30471.0,430.0,143,0,2020-10-22
Fresno,30590.0,430.0,119,0,2020-10-23
Fresno,30752.0,436.0,162,6,2020-10-24
Fresno,30858.0,436.0,106,0,2020-10-25
Fresno,30969.0,436.0,111,0,2020-10-26
Fresno,31096.0,439.0,127,3,2020-10-27
Fresno,31195.0,439.0,99,0,2020-10-28
Fresno,31321.0,439.0,126,0,2020-10-29
Fresno,31409.0,443.0,88,4,2020-10-30
Fresno,31558.0,443.0,149,0,2020-10-31
Fresno,31613.0,443.0,55,0,2020-11-01
Fresno,31738.0,443.0,125,0,2020-11-02
Fresno,31856.0,447.0,118,4,2020-11-03
Fresno,31952.0,447.0,96,0,2020-11-04
Fresno,32056.0,447.0,104,0,2020-11-05
Fresno,32278.0,454.0,222,7,2020-11-06
Fresno,32497.0,454.0,219,0,2020-11-07
Fresno,32619.0,454.0,122,0,2020-11-08
Fresno,32755.0,454.0,136,0,2020-11-09
Fresno,33024.0,456.0,269,2,2020-11-10
Fresno,33287.0,456.0,263,0,2020-11-11
Fresno,33459.0,456.0,172,0,2020-11-12
Fresno,33693.0,460.0,234,4,2020-11-13
Fresno,33969.0,460.0,276,0,2020-11-14
Fresno,34297.0,460.0,328,0,2020-11-15
Fresno,34593.0,460.0,296,0,2020-11-16
Fresno,34765.0,463.0,172,3,2020-11-17
Fresno,34997.0,463.0,232,0,2020-11-18
Fresno,35278.0,463.0,281,0,2020-11-19
Fresno,35635.0,471.0,357,8,2020-11-20
Fresno,35973.0,471.0,338,0,2020-11-21
Fresno,36315.0,471.0,342,0,2020-11-22
Fresno,36688.0,471.0,373,0,2020-11-23
Fresno,37021.0,477.0,333,6,2020-11-24
Fresno,37349.0,477.0,328,0,2020-11-25
Fresno,37724.0,477.0,375,0,2020-11-26
Fresno,37994.0,481.0,270,4,2020-11-27
Fresno,38288.0,481.0,294,0,2020-11-28
Fresno,38568.0,481.0,280,0,2020-11-29
Fresno,38712.0,481.0,144,0,2020-11-30
Fresno,39004.0,488.0,292,7,2020-12-01
Fresno,39324.0,488.0,320,0,2020-12-02
Fresno,39680.0,488.0,356,0,2020-12-03
Fresno,40108.0,506.0,428,18,2020-12-04
Fresno,40568.0,506.0,460,0,2020-12-05
Fresno,40869.0,506.0,301,0,2020-12-06
Fresno,41098.0,506.0,229,0,2020-12-07
Fresno,41574.0,514.0,476,8,2020-12-08
Fresno,41954.0,514.0,380,0,2020-12-09
Fresno,42461.0,514.0,507,0,2020-12-10
Fresno,43071.0,542.0,610,28,2020-12-11
Fresno,43756.0,542.0,685,0,2020-12-12
Fresno,44114.0,542.0,358,0,2020-12-13
Fresno,44726.0,542.0,612,0,2020-12-14
Inyo,0.0,0.0,0,0,2020-03-18
Inyo,0.0,0.0,0,0,2020-03-19
Inyo,0.0,0.0,0,0,2020-03-20
Inyo,0.0,0.0,0,0,2020-03-21
Inyo,0.0,0.0,0,0,2020-03-22
Inyo,0.0,0.0,0,0,2020-03-23
Inyo,0.0,0.0,0,0,2020-03-24
Inyo,0.0,0.0,0,0,2020-03-25
Inyo,0.0,0.0,0,0,2020-03-26
Inyo,0.0,0.0,0,0,2020-03-27
Inyo,0.0,0.0,0,0,2020-03-28
Inyo,0.0,0.0,0,0,2020-03-29
Inyo,5.0,0.0,5,0,2020-03-30
Inyo,8.0,0.0,3,0,2020-03-31
Inyo,8.0,0.0,0,0,2020-04-01
Inyo,8.0,0.0,0,0,2020-04-02
Inyo,10.0,0.0,2,0,2020-04-03
Inyo,10.0,0.0,0,0,2020-04-04
Inyo,10.0,0.0,0,0,2020-04-05
Inyo,11.0,0.0,1,0,2020-04-06
Inyo,11.0,0.0,0,0,2020-04-07
Inyo,11.0,0.0,0,0,2020-04-08
Inyo,11.0,0.0,0,0,2020-04-09
Inyo,11.0,0.0,0,0,2020-04-10
Inyo,12.0,0.0,1,0,2020-04-11
Inyo,12.0,0.0,0,0,2020-04-12
Inyo,12.0,0.0,0,0,2020-04-13
Inyo,12.0,0.0,0,0,2020-04-14
Inyo,12.0,0.0,0,0,2020-04-15
Inyo,17.0,0.0,5,0,2020-04-16
Inyo,17.0,0.0,0,0,2020-04-17
Inyo,17.0,0.0,0,0,2020-04-18
Inyo,17.0,0.0,0,0,2020-04-19
Inyo,17.0,0.0,0,0,2020-04-20
Inyo,18.0,0.0,1,0,2020-04-21
Inyo,18.0,0.0,0,0,2020-04-22
Inyo,19.0,0.0,1,0,2020-04-23
Inyo,20.0,1.0,1,1,2020-04-24
Inyo,20.0,1.0,0,0,2020-04-25
Inyo,20.0,1.0,0,0,2020-04-26
Inyo,20.0,1.0,0,0,2020-04-27
Inyo,20.0,1.0,0,0,2020-04-28
Inyo,20.0,1.0,0,0,2020-04-29
Inyo,20.0,1.0,0,0,2020-04-30
Inyo,20.0,1.0,0,0,2020-05-01
Inyo,20.0,1.0,0,0,2020-05-02
Inyo,20.0,1.0,0,0,2020-05-03
Inyo,20.0,1.0,0,0,2020-05-04
Inyo,20.0,1.0,0,0,2020-05-05
Inyo,20.0,1.0,0,0,2020-05-06
Inyo,20.0,1.0,0,0,2020-05-07
Inyo,20.0,1.0,0,0,2020-05-08
Inyo,20.0,1.0,0,0,2020-05-09
Inyo,20.0,1.0,0,0,2020-05-10
Inyo,20.0,1.0,0,0,2020-05-11
Inyo,20.0,1.0,0,0,2020-05-12
Inyo,20.0,1.0,0,0,2020-05-13
Inyo,20.0,1.0,0,0,2020-05-14
Inyo,20.0,1.0,0,0,2020-05-15
Inyo,20.0,1.0,0,0,2020-05-16
Inyo,20.0,1.0,0,0,2020-05-17
Inyo,20.0,1.0,0,0,2020-05-18
Inyo,20.0,1.0,0,0,2020-05-19
Inyo,20.0,1.0,0,0,2020-05-20
Inyo,20.0,1.0,0,0,2020-05-21
Inyo,20.0,1.0,0,0,2020-05-22
Inyo,20.0,1.0,0,0,2020-05-23
Inyo,20.0,1.0,0,0,2020-05-24
Inyo,20.0,1.0,0,0,2020-05-25
Inyo,20.0,1.0,0,0,2020-05-26
Inyo,20.0,1.0,0,0,2020-05-27
Inyo,20.0,1.0,0,0,2020-05-28
Inyo,20.0,1.0,0,0,2020-05-29
Inyo,20.0,1.0,0,0,2020-05-30
Inyo,20.0,1.0,0,0,2020-05-31
Inyo,20.0,1.0,0,0,2020-06-01
Inyo,20.0,1.0,0,0,2020-06-02
Inyo,20.0,1.0,0,0,2020-06-03
Inyo,20.0,1.0,0,0,2020-06-04
Inyo,21.0,1.0,1,0,2020-06-05
Inyo,21.0,1.0,0,0,2020-06-06
Inyo,21.0,1.0,0,0,2020-06-07
Inyo,22.0,1.0,1,0,2020-06-08
Inyo,22.0,1.0,0,0,2020-06-09
Inyo,23.0,1.0,1,0,2020-06-10
Inyo,23.0,1.0,0,0,2020-06-11
Inyo,23.0,1.0,0,0,2020-06-12
Inyo,23.0,1.0,0,0,2020-06-13
Inyo,23.0,1.0,0,0,2020-06-14
Inyo,23.0,1.0,0,0,2020-06-15
Inyo,24.0,1.0,1,0,2020-06-16
Inyo,25.0,1.0,1,0,2020-06-17
Inyo,25.0,1.0,0,0,2020-06-18
Inyo,26.0,1.0,1,0,2020-06-19
Inyo,26.0,1.0,0,0,2020-06-20
Inyo,26.0,1.0,0,0,2020-06-21
Inyo,26.0,1.0,0,0,2020-06-22
Inyo,26.0,1.0,0,0,2020-06-23
Inyo,28.0,1.0,2,0,2020-06-24
Inyo,27.0,1.0,-1,0,2020-06-25
Inyo,29.0,1.0,2,0,2020-06-26
Inyo,29.0,1.0,0,0,2020-06-27
Inyo,29.0,1.0,0,0,2020-06-28
Inyo,29.0,1.0,0,0,2020-06-29
Inyo,30.0,1.0,1,0,2020-06-30
Inyo,29.0,1.0,-1,0,2020-07-01
Inyo,29.0,1.0,0,0,2020-07-02
Inyo,32.0,1.0,3,0,2020-07-03
Inyo,32.0,1.0,0,0,2020-07-04
Inyo,32.0,1.0,0,0,2020-07-05
Inyo,32.0,1.0,0,0,2020-07-06
Inyo,32.0,1.0,0,0,2020-07-07
Inyo,35.0,1.0,3,0,2020-07-08
Inyo,35.0,1.0,0,0,2020-07-09
Inyo,35.0,1.0,0,0,2020-07-10
Inyo,35.0,1.0,0,0,2020-07-11
Inyo,35.0,1.0,0,0,2020-07-12
Inyo,35.0,1.0,0,0,2020-07-13
Inyo,35.0,1.0,0,0,2020-07-14
Inyo,36.0,1.0,1,0,2020-07-15
Inyo,38.0,1.0,2,0,2020-07-16
Inyo,38.0,1.0,0,0,2020-07-17
Inyo,38.0,1.0,0,0,2020-07-18
Inyo,38.0,1.0,0,0,2020-07-19
Inyo,38.0,1.0,0,0,2020-07-20
Inyo,38.0,1.0,0,0,2020-07-21
Inyo,38.0,1.0,0,0,2020-07-22
Inyo,38.0,1.0,0,0,2020-07-23
Inyo,41.0,1.0,3,0,2020-07-24
Inyo,43.0,1.0,2,0,2020-07-25
Inyo,43.0,1.0,0,0,2020-07-26
Inyo,43.0,1.0,0,0,2020-07-27
Inyo,43.0,1.0,0,0,2020-07-28
Inyo,44.0,1.0,1,0,2020-07-29
Inyo,44.0,1.0,0,0,2020-07-30
Inyo,45.0,1.0,1,0,2020-07-31
Inyo,45.0,1.0,0,0,2020-08-01
Inyo,45.0,1.0,0,0,2020-08-02
Inyo,57.0,1.0,12,0,2020-08-03
Inyo,59.0,1.0,2,0,2020-08-04
Inyo,62.0,1.0,3,0,2020-08-05
Inyo,83.0,1.0,21,0,2020-08-06
Inyo,81.0,1.0,-2,0,2020-08-07
Inyo,86.0,1.0,5,0,2020-08-08
Inyo,86.0,1.0,0,0,2020-08-09
Inyo,97.0,3.0,11,2,2020-08-10
Inyo,97.0,3.0,0,0,2020-08-11
Inyo,97.0,3.0,0,0,2020-08-12
Inyo,97.0,3.0,0,0,2020-08-13
Inyo,115.0,3.0,18,0,2020-08-14
Inyo,123.0,3.0,8,0,2020-08-15
Inyo,125.0,3.0,2,0,2020-08-16
Inyo,124.0,8.0,-1,5,2020-08-17
Inyo,140.0,8.0,16,0,2020-08-18
Inyo,140.0,9.0,0,1,2020-08-19
Inyo,144.0,9.0,4,0,2020-08-20
Inyo,144.0,11.0,0,2,2020-08-21
Inyo,144.0,11.0,0,0,2020-08-22
Inyo,144.0,11.0,0,0,2020-08-23
Inyo,144.0,11.0,0,0,2020-08-24
Inyo,144.0,13.0,0,2,2020-08-25
Inyo,157.0,13.0,13,0,2020-08-26
Inyo,157.0,13.0,0,0,2020-08-27
Inyo,160.0,13.0,3,0,2020-08-28
Inyo,160.0,13.0,0,0,2020-08-29
Inyo,160.0,13.0,0,0,2020-08-30
Inyo,160.0,13.0,0,0,2020-08-31
Inyo,171.0,14.0,11,1,2020-09-01
Inyo,171.0,14.0,0,0,2020-09-02
Inyo,171.0,14.0,0,0,2020-09-03
Inyo,169.0,13.0,-2,-1,2020-09-04
Inyo,169.0,13.0,0,0,2020-09-05
Inyo,169.0,13.0,0,0,2020-09-06
Inyo,169.0,13.0,0,0,2020-09-07
Inyo,169.0,13.0,0,0,2020-09-08
Inyo,173.0,13.0,4,0,2020-09-09
Inyo,176.0,14.0,3,1,2020-09-10
Inyo,176.0,14.0,0,0,2020-09-11
Inyo,177.0,14.0,1,0,2020-09-12
Inyo,176.0,14.0,-1,0,2020-09-13
Inyo,176.0,14.0,0,0,2020-09-14
Inyo,176.0,14.0,0,0,2020-09-15
Inyo,176.0,14.0,0,0,2020-09-16
Inyo,176.0,14.0,0,0,2020-09-17
Inyo,177.0,14.0,1,0,2020-09-18
Inyo,177.0,14.0,0,0,2020-09-19
Inyo,177.0,14.0,0,0,2020-09-20
Inyo,177.0,14.0,0,0,2020-09-21
Inyo,177.0,14.0,0,0,2020-09-22
Inyo,177.0,15.0,0,1,2020-09-23
Inyo,187.0,15.0,10,0,2020-09-24
Inyo,187.0,15.0,0,0,2020-09-25
Inyo,187.0,15.0,0,0,2020-09-26
Inyo,188.0,15.0,1,0,2020-09-27
Inyo,188.0,15.0,0,0,2020-09-28
Inyo,188.0,15.0,0,0,2020-09-29
Inyo,189.0,15.0,1,0,2020-09-30
Inyo,191.0,15.0,2,0,2020-10-01
Inyo,191.0,15.0,0,0,2020-10-02
Inyo,194.0,15.0,3,0,2020-10-03
Inyo,195.0,15.0,1,0,2020-10-04
Inyo,197.0,15.0,2,0,2020-10-05
Inyo,198.0,15.0,1,0,2020-10-06
Inyo,199.0,15.0,1,0,2020-10-07
Inyo,199.0,15.0,0,0,2020-10-08
Inyo,200.0,15.0,1,0,2020-10-09
Inyo,201.0,15.0,1,0,2020-10-10
Inyo,201.0,15.0,0,0,2020-10-11
Inyo,201.0,15.0,0,0,2020-10-12
Inyo,207.0,15.0,6,0,2020-10-13
Inyo,209.0,15.0,2,0,2020-10-14
Inyo,210.0,15.0,1,0,2020-10-15
Inyo,212.0,15.0,2,0,2020-10-16
Inyo,212.0,15.0,0,0,2020-10-17
Inyo,215.0,15.0,3,0,2020-10-18
Inyo,218.0,15.0,3,0,2020-10-19
Inyo,218.0,15.0,0,0,2020-10-20
Inyo,220.0,15.0,2,0,2020-10-21
Inyo,220.0,15.0,0,0,2020-10-22
Inyo,226.0,15.0,6,0,2020-10-23
Inyo,226.0,15.0,0,0,2020-10-24
Inyo,226.0,15.0,0,0,2020-10-25
Inyo,226.0,15.0,0,0,2020-10-26
Inyo,231.0,15.0,5,0,2020-10-27
Inyo,238.0,15.0,7,0,2020-10-28
Inyo,238.0,15.0,0,0,2020-10-29
Inyo,241.0,15.0,3,0,2020-10-30
Inyo,241.0,15.0,0,0,2020-10-31
Inyo,241.0,15.0,0,0,2020-11-01
Inyo,243.0,15.0,2,0,2020-11-02
Inyo,244.0,15.0,1,0,2020-11-03
Inyo,247.0,15.0,3,0,2020-11-04
Inyo,247.0,15.0,0,0,2020-11-05
Inyo,246.0,15.0,-1,0,2020-11-06
Inyo,252.0,15.0,6,0,2020-11-07
Inyo,252.0,15.0,0,0,2020-11-08
Inyo,252.0,15.0,0,0,2020-11-09
Inyo,252.0,15.0,0,0,2020-11-10
Inyo,255.0,15.0,3,0,2020-11-11
Inyo,255.0,15.0,0,0,2020-11-12
Inyo,262.0,16.0,7,1,2020-11-13
Inyo,263.0,16.0,1,0,2020-11-14
Inyo,263.0,16.0,0,0,2020-11-15
Inyo,263.0,16.0,0,0,2020-11-16
Inyo,263.0,16.0,0,0,2020-11-17
Inyo,262.0,16.0,-1,0,2020-11-18
Inyo,262.0,16.0,0,0,2020-11-19
Inyo,262.0,16.0,0,0,2020-11-20
Inyo,283.0,16.0,21,0,2020-11-21
Inyo,279.0,16.0,-4,0,2020-11-22
Inyo,279.0,16.0,0,0,2020-11-23
Inyo,282.0,16.0,3,0,2020-11-24
Inyo,289.0,16.0,7,0,2020-11-25
Inyo,289.0,16.0,0,0,2020-11-26
Inyo,289.0,16.0,0,0,2020-11-27
Inyo,289.0,16.0,0,0,2020-11-28
Inyo,289.0,16.0,0,0,2020-11-29
Inyo,304.0,16.0,15,0,2020-11-30
Inyo,304.0,16.0,0,0,2020-12-01
Inyo,314.0,16.0,10,0,2020-12-02
Inyo,321.0,16.0,7,0,2020-12-03
Inyo,324.0,16.0,3,0,2020-12-04
Inyo,332.0,16.0,8,0,2020-12-05
Inyo,333.0,16.0,1,0,2020-12-06
Inyo,333.0,16.0,0,0,2020-12-07
Inyo,333.0,16.0,0,0,2020-12-08
Inyo,356.0,16.0,23,0,2020-12-09
Inyo,365.0,17.0,9,1,2020-12-10
Inyo,372.0,17.0,7,0,2020-12-11
Inyo,380.0,17.0,8,0,2020-12-12
Inyo,380.0,17.0,0,0,2020-12-13
Inyo,382.0,18.0,2,1,2020-12-14
San Joaquin,14.0,2.0,14,2,2020-03-18
San Joaquin,15.0,2.0,1,0,2020-03-19
San Joaquin,18.0,2.0,3,0,2020-03-20
San Joaquin,26.0,2.0,8,0,2020-03-21
San Joaquin,30.0,2.0,4,0,2020-03-22
San Joaquin,37.0,2.0,7,0,2020-03-23
San Joaquin,52.0,2.0,15,0,2020-03-24
San Joaquin,64.0,2.0,12,0,2020-03-25
San Joaquin,69.0,3.0,5,1,2020-03-26
San Joaquin,73.0,3.0,4,0,2020-03-27
San Joaquin,83.0,4.0,10,1,2020-03-28
San Joaquin,86.0,4.0,3,0,2020-03-29
San Joaquin,112.0,5.0,26,1,2020-03-30
San Joaquin,122.0,7.0,10,2,2020-03-31
San Joaquin,132.0,8.0,10,1,2020-04-01
San Joaquin,148.0,9.0,16,1,2020-04-02
San Joaquin,162.0,10.0,14,1,2020-04-03
San Joaquin,171.0,10.0,9,0,2020-04-04
San Joaquin,179.0,10.0,8,0,2020-04-05
San Joaquin,191.0,10.0,12,0,2020-04-06
San Joaquin,198.0,12.0,7,2,2020-04-07
San Joaquin,211.0,12.0,13,0,2020-04-08
San Joaquin,223.0,14.0,12,2,2020-04-09
San Joaquin,234.0,14.0,11,0,2020-04-10
San Joaquin,244.0,15.0,10,1,2020-04-11
San Joaquin,246.0,15.0,2,0,2020-04-12
San Joaquin,259.0,17.0,13,2,2020-04-13
San Joaquin,280.0,17.0,21,0,2020-04-14
San Joaquin,329.0,17.0,49,0,2020-04-15
San Joaquin,345.0,17.0,16,0,2020-04-16
San Joaquin,356.0,17.0,11,0,2020-04-17
San Joaquin,392.0,17.0,36,0,2020-04-18
San Joaquin,404.0,17.0,12,0,2020-04-19
San Joaquin,422.0,17.0,18,0,2020-04-20
San Joaquin,447.0,20.0,25,3,2020-04-21
San Joaquin,462.0,20.0,15,0,2020-04-22
San Joaquin,479.0,22.0,17,2,2020-04-23
San Joaquin,484.0,24.0,5,2,2020-04-24
San Joaquin,497.0,25.0,13,1,2020-04-25
San Joaquin,514.0,25.0,17,0,2020-04-26
San Joaquin,522.0,25.0,8,0,2020-04-27
San Joaquin,532.0,25.0,10,0,2020-04-28
San Joaquin,540.0,25.0,8,0,2020-04-29
San Joaquin,548.0,25.0,8,0,2020-04-30
San Joaquin,554.0,25.0,6,0,2020-05-01
San Joaquin,559.0,25.0,5,0,2020-05-02
San Joaquin,570.0,26.0,11,1,2020-05-03
San Joaquin,574.0,26.0,4,0,2020-05-04
San Joaquin,577.0,26.0,3,0,2020-05-05
San Joaquin,581.0,27.0,4,1,2020-05-06
San Joaquin,583.0,28.0,2,1,2020-05-07
San Joaquin,595.0,28.0,12,0,2020-05-08
San Joaquin,605.0,28.0,10,0,2020-05-09
San Joaquin,611.0,29.0,6,1,2020-05-10
San Joaquin,620.0,29.0,9,0,2020-05-11
San Joaquin,625.0,30.0,5,1,2020-05-12
San Joaquin,639.0,31.0,14,1,2020-05-13
San Joaquin,643.0,31.0,4,0,2020-05-14
San Joaquin,656.0,31.0,13,0,2020-05-15
San Joaquin,668.0,32.0,12,1,2020-05-16
San Joaquin,688.0,32.0,20,0,2020-05-17
San Joaquin,697.0,32.0,9,0,2020-05-18
San Joaquin,705.0,33.0,8,1,2020-05-19
San Joaquin,713.0,33.0,8,0,2020-05-20
San Joaquin,730.0,33.0,17,0,2020-05-21
San Joaquin,747.0,33.0,17,0,2020-05-22
San Joaquin,759.0,33.0,12,0,2020-05-23
San Joaquin,760.0,33.0,1,0,2020-05-24
San Joaquin,760.0,33.0,0,0,2020-05-25
San Joaquin,760.0,33.0,0,0,2020-05-26
San Joaquin,825.0,34.0,65,1,2020-05-27
San Joaquin,840.0,35.0,15,1,2020-05-28
San Joaquin,855.0,35.0,15,0,2020-05-29
San Joaquin,888.0,35.0,33,0,2020-05-30
San Joaquin,888.0,35.0,0,0,2020-05-31
San Joaquin,957.0,35.0,69,0,2020-06-01
San Joaquin,985.0,35.0,28,0,2020-06-02
San Joaquin,1004.0,35.0,19,0,2020-06-03
San Joaquin,1016.0,36.0,12,1,2020-06-04
San Joaquin,1046.0,36.0,30,0,2020-06-05
San Joaquin,1076.0,37.0,30,1,2020-06-06
San Joaquin,1126.0,37.0,50,0,2020-06-07
San Joaquin,1198.0,37.0,72,0,2020-06-08
San Joaquin,1240.0,40.0,42,3,2020-06-09
San Joaquin,1282.0,41.0,42,1,2020-06-10
San Joaquin,1351.0,42.0,69,1,2020-06-11
San Joaquin,1406.0,43.0,55,1,2020-06-12
San Joaquin,1461.0,43.0,55,0,2020-06-13
San Joaquin,1603.0,43.0,142,0,2020-06-14
San Joaquin,1667.0,43.0,64,0,2020-06-15
San Joaquin,1718.0,47.0,51,4,2020-06-16
San Joaquin,1825.0,47.0,107,0,2020-06-17
San Joaquin,1908.0,47.0,83,0,2020-06-18
San Joaquin,1969.0,48.0,61,1,2020-06-19
San Joaquin,2046.0,48.0,77,0,2020-06-20
San Joaquin,2188.0,48.0,142,0,2020-06-21
San Joaquin,2332.0,48.0,144,0,2020-06-22
San Joaquin,2502.0,48.0,170,0,2020-06-23
San Joaquin,2680.0,49.0,178,1,2020-06-24
San Joaquin,2823.0,49.0,143,0,2020-06-25
San Joaquin,2981.0,52.0,158,3,2020-06-26
San Joaquin,3145.0,52.0,164,0,2020-06-27
San Joaquin,3395.0,52.0,250,0,2020-06-28
San Joaquin,3606.0,52.0,211,0,2020-06-29
San Joaquin,3903.0,52.0,297,0,2020-06-30
San Joaquin,3997.0,54.0,94,2,2020-07-01
San Joaquin,4243.0,55.0,246,1,2020-07-02
San Joaquin,4416.0,55.0,173,0,2020-07-03
San Joaquin,4807.0,55.0,391,0,2020-07-04
San Joaquin,5015.0,55.0,208,0,2020-07-05
San Joaquin,5104.0,55.0,89,0,2020-07-06
San Joaquin,5547.0,58.0,443,3,2020-07-07
San Joaquin,5759.0,61.0,212,3,2020-07-08
San Joaquin,6004.0,67.0,245,6,2020-07-09
San Joaquin,6225.0,68.0,221,1,2020-07-10
San Joaquin,6518.0,68.0,293,0,2020-07-11
San Joaquin,6703.0,68.0,185,0,2020-07-12
San Joaquin,6927.0,70.0,224,2,2020-07-13
San Joaquin,7143.0,73.0,216,3,2020-07-14
San Joaquin,7381.0,73.0,238,0,2020-07-15
San Joaquin,7713.0,81.0,332,8,2020-07-16
San Joaquin,7925.0,83.0,212,2,2020-07-17
San Joaquin,8118.0,83.0,193,0,2020-07-18
San Joaquin,8308.0,83.0,190,0,2020-07-19
San Joaquin,8583.0,94.0,275,11,2020-07-20
San Joaquin,9150.0,95.0,567,1,2020-07-21
San Joaquin,9628.0,98.0,478,3,2020-07-22
San Joaquin,9861.0,107.0,233,9,2020-07-23
San Joaquin,10190.0,110.0,329,3,2020-07-24
San Joaquin,10347.0,110.0,157,0,2020-07-25
San Joaquin,10637.0,110.0,290,0,2020-07-26
San Joaquin,10728.0,110.0,91,0,2020-07-27
San Joaquin,10958.0,133.0,230,23,2020-07-28
San Joaquin,11249.0,146.0,291,13,2020-07-29
San Joaquin,11435.0,151.0,186,5,2020-07-30
San Joaquin,11561.0,168.0,126,17,2020-07-31
San Joaquin,11807.0,168.0,246,0,2020-08-01
San Joaquin,11937.0,168.0,130,0,2020-08-02
San Joaquin,12007.0,180.0,70,12,2020-08-03
San Joaquin,12087.0,180.0,80,0,2020-08-04
San Joaquin,12148.0,187.0,61,7,2020-08-05
San Joaquin,12269.0,192.0,121,5,2020-08-06
San Joaquin,12392.0,211.0,123,19,2020-08-07
San Joaquin,12559.0,211.0,167,0,2020-08-08
San Joaquin,12933.0,211.0,374,0,2020-08-09
San Joaquin,13308.0,223.0,375,12,2020-08-10
San Joaquin,13997.0,235.0,689,12,2020-08-11
San Joaquin,14154.0,239.0,157,4,2020-08-12
San Joaquin,14537.0,245.0,383,6,2020-08-13
San Joaquin,14925.0,261.0,388,16,2020-08-14
San Joaquin,15113.0,261.0,188,0,2020-08-15
San Joaquin,15288.0,261.0,175,0,2020-08-16
San Joaquin,15323.0,269.0,35,8,2020-08-17
San Joaquin,15509.0,280.0,186,11,2020-08-18
San Joaquin,15677.0,287.0,168,7,2020-08-19
San Joaquin,15778.0,288.0,101,1,2020-08-20
San Joaquin,15888.0,294.0,110,6,2020-08-21
San Joaquin,16068.0,294.0,180,0,2020-08-22
San Joaquin,16069.0,294.0,1,0,2020-08-23
San Joaquin,16565.0,297.0,496,3,2020-08-24
San Joaquin,16795.0,297.0,230,0,2020-08-25
San Joaquin,16845.0,297.0,50,0,2020-08-26
San Joaquin,16989.0,305.0,144,8,2020-08-27
San Joaquin,17114.0,307.0,125,2,2020-08-28
San Joaquin,17493.0,307.0,379,0,2020-08-29
San Joaquin,17637.0,307.0,144,0,2020-08-30
San Joaquin,17807.0,328.0,170,21,2020-08-31
San Joaquin,17915.0,330.0,108,2,2020-09-01
San Joaquin,18194.0,344.0,279,14,2020-09-02
San Joaquin,18331.0,361.0,137,17,2020-09-03
San Joaquin,18438.0,368.0,107,7,2020-09-04
San Joaquin,18557.0,368.0,119,0,2020-09-05
San Joaquin,18558.0,368.0,1,0,2020-09-06
San Joaquin,18552.0,368.0,-6,0,2020-09-07
San Joaquin,18550.0,377.0,-2,9,2020-09-08
San Joaquin,18799.0,382.0,249,5,2020-09-09
San Joaquin,18854.0,383.0,55,1,2020-09-10
San Joaquin,19019.0,383.0,165,0,2020-09-11
San Joaquin,19108.0,383.0,89,0,2020-09-12
San Joaquin,19110.0,383.0,2,0,2020-09-13
San Joaquin,19111.0,389.0,1,6,2020-09-14
San Joaquin,19313.0,392.0,202,3,2020-09-15
San Joaquin,19377.0,399.0,64,7,2020-09-16
San Joaquin,19439.0,407.0,62,8,2020-09-17
San Joaquin,19531.0,414.0,92,7,2020-09-18
San Joaquin,19580.0,414.0,49,0,2020-09-19
San Joaquin,19578.0,414.0,-2,0,2020-09-20
San Joaquin,19579.0,415.0,1,1,2020-09-21
San Joaquin,19755.0,421.0,176,6,2020-09-22
San Joaquin,19785.0,434.0,30,13,2020-09-23
San Joaquin,19851.0,437.0,66,3,2020-09-24
San Joaquin,19909.0,441.0,58,4,2020-09-25
San Joaquin,19982.0,441.0,73,0,2020-09-26
San Joaquin,19981.0,441.0,-1,0,2020-09-27
San Joaquin,19982.0,440.0,1,-1,2020-09-28
San Joaquin,20094.0,447.0,112,7,2020-09-29
San Joaquin,20150.0,456.0,56,9,2020-09-30
San Joaquin,20204.0,466.0,54,10,2020-10-01
San Joaquin,20235.0,470.0,31,4,2020-10-02
San Joaquin,20322.0,470.0,87,0,2020-10-03
San Joaquin,20320.0,470.0,-2,0,2020-10-04
San Joaquin,20319.0,471.0,-1,1,2020-10-05
San Joaquin,20481.0,472.0,162,1,2020-10-06
San Joaquin,20527.0,473.0,46,1,2020-10-07
San Joaquin,20576.0,473.0,49,0,2020-10-08
San Joaquin,20648.0,473.0,72,0,2020-10-09
San Joaquin,20700.0,473.0,52,0,2020-10-10
San Joaquin,20700.0,473.0,0,0,2020-10-11
San Joaquin,20701.0,473.0,1,0,2020-10-12
San Joaquin,20822.0,477.0,121,4,2020-10-13
San Joaquin,20845.0,483.0,23,6,2020-10-14
San Joaquin,20880.0,483.0,35,0,2020-10-15
San Joaquin,20910.0,484.0,30,1,2020-10-16
San Joaquin,20932.0,484.0,22,0,2020-10-17
San Joaquin,20931.0,484.0,-1,0,2020-10-18
San Joaquin,20930.0,484.0,-1,0,2020-10-19
San Joaquin,21173.0,484.0,243,0,2020-10-20
San Joaquin,21201.0,488.0,28,4,2020-10-21
San Joaquin,21282.0,488.0,81,0,2020-10-22
San Joaquin,21361.0,489.0,79,1,2020-10-23
San Joaquin,21458.0,489.0,97,0,2020-10-24
San Joaquin,21459.0,489.0,1,0,2020-10-25
San Joaquin,21459.0,489.0,0,0,2020-10-26
San Joaquin,21637.0,490.0,178,1,2020-10-27
San Joaquin,21707.0,492.0,70,2,2020-10-28
San Joaquin,21736.0,492.0,29,0,2020-10-29
San Joaquin,21849.0,494.0,113,2,2020-10-30
San Joaquin,21918.0,494.0,69,0,2020-10-31
San Joaquin,21919.0,494.0,1,0,2020-11-01
San Joaquin,21919.0,494.0,0,0,2020-11-02
San Joaquin,22109.0,494.0,190,0,2020-11-03
San Joaquin,22197.0,494.0,88,0,2020-11-04
San Joaquin,22318.0,494.0,121,0,2020-11-05
San Joaquin,22424.0,494.0,106,0,2020-11-06
San Joaquin,22517.0,494.0,93,0,2020-11-07
San Joaquin,22514.0,494.0,-3,0,2020-11-08
San Joaquin,22512.0,497.0,-2,3,2020-11-09
San Joaquin,22865.0,500.0,353,3,2020-11-10
San Joaquin,23001.0,500.0,136,0,2020-11-11
San Joaquin,23002.0,500.0,1,0,2020-11-12
San Joaquin,23314.0,501.0,312,1,2020-11-13
San Joaquin,23516.0,501.0,202,0,2020-11-14
San Joaquin,23516.0,501.0,0,0,2020-11-15
San Joaquin,23515.0,501.0,-1,0,2020-11-16
San Joaquin,23997.0,504.0,482,3,2020-11-17
San Joaquin,24146.0,505.0,149,1,2020-11-18
San Joaquin,24270.0,504.0,124,-1,2020-11-19
San Joaquin,24460.0,503.0,190,-1,2020-11-20
San Joaquin,24620.0,503.0,160,0,2020-11-21
San Joaquin,24619.0,503.0,-1,0,2020-11-22
San Joaquin,24622.0,504.0,3,1,2020-11-23
San Joaquin,25318.0,504.0,696,0,2020-11-24
San Joaquin,25556.0,502.0,238,-2,2020-11-25
San Joaquin,25738.0,502.0,182,0,2020-11-26
San Joaquin,25741.0,502.0,3,0,2020-11-27
San Joaquin,25742.0,502.0,1,0,2020-11-28
San Joaquin,25740.0,502.0,-2,0,2020-11-29
San Joaquin,25742.0,509.0,2,7,2020-11-30
San Joaquin,26432.0,510.0,690,1,2020-12-01
San Joaquin,26740.0,519.0,308,9,2020-12-02
San Joaquin,27239.0,522.0,499,3,2020-12-03
San Joaquin,27806.0,522.0,567,0,2020-12-04
San Joaquin,28105.0,522.0,299,0,2020-12-05
San Joaquin,28188.0,522.0,83,0,2020-12-06
San Joaquin,28188.0,530.0,0,8,2020-12-07
San Joaquin,30225.0,530.0,2037,0,2020-12-08
San Joaquin,30539.0,532.0,314,2,2020-12-09
San Joaquin,31228.0,535.0,689,3,2020-12-10
San Joaquin,32044.0,534.0,816,-1,2020-12-11
San Joaquin,32200.0,534.0,156,0,2020-12-12
San Joaquin,32170.0,534.0,-30,0,2020-12-13
San Joaquin,32522.0,535.0,352,1,2020-12-14
Ventura,11.0,0.0,11,0,2020-03-18
Ventura,15.0,0.0,4,0,2020-03-19
Ventura,18.0,0.0,3,0,2020-03-20
Ventura,22.0,0.0,4,0,2020-03-21
Ventura,26.0,0.0,4,0,2020-03-22
Ventura,30.0,0.0,4,0,2020-03-23
Ventura,44.0,1.0,14,1,2020-03-24
Ventura,53.0,1.0,9,0,2020-03-25
Ventura,70.0,1.0,17,0,2020-03-26
Ventura,80.0,2.0,10,1,2020-03-27
Ventura,89.0,2.0,9,0,2020-03-28
Ventura,92.0,2.0,3,0,2020-03-29
Ventura,118.0,2.0,26,0,2020-03-30
Ventura,143.0,4.0,25,2,2020-03-31
Ventura,154.0,5.0,11,1,2020-04-01
Ventura,178.0,5.0,24,0,2020-04-02
Ventura,186.0,6.0,8,1,2020-04-03
Ventura,194.0,6.0,8,0,2020-04-04
Ventura,196.0,6.0,2,0,2020-04-05
Ventura,234.0,6.0,38,0,2020-04-06
Ventura,247.0,6.0,13,0,2020-04-07
Ventura,263.0,7.0,16,1,2020-04-08
Ventura,273.0,9.0,10,2,2020-04-09
Ventura,290.0,9.0,17,0,2020-04-10
Ventura,304.0,9.0,14,0,2020-04-11
Ventura,306.0,9.0,2,0,2020-04-12
Ventura,311.0,9.0,5,0,2020-04-13
Ventura,328.0,10.0,17,1,2020-04-14
Ventura,365.0,13.0,37,3,2020-04-15
Ventura,384.0,13.0,19,0,2020-04-16
Ventura,398.0,13.0,14,0,2020-04-17
Ventura,416.0,13.0,18,0,2020-04-18
Ventura,418.0,13.0,2,0,2020-04-19
Ventura,426.0,13.0,8,0,2020-04-20
Ventura,455.0,13.0,29,0,2020-04-21
Ventura,465.0,14.0,10,1,2020-04-22
Ventura,479.0,16.0,14,2,2020-04-23
Ventura,489.0,16.0,10,0,2020-04-24
Ventura,494.0,16.0,5,0,2020-04-25
Ventura,509.0,17.0,15,1,2020-04-26
Ventura,513.0,17.0,4,0,2020-04-27
Ventura,517.0,17.0,4,0,2020-04-28
Ventura,530.0,18.0,13,1,2020-04-29
Ventura,547.0,18.0,17,0,2020-04-30
Ventura,556.0,18.0,9,0,2020-05-01
Ventura,564.0,19.0,8,1,2020-05-02
Ventura,583.0,19.0,19,0,2020-05-03
Ventura,590.0,19.0,7,0,2020-05-04
Ventura,607.0,19.0,17,0,2020-05-05
Ventura,619.0,19.0,12,0,2020-05-06
Ventura,647.0,19.0,28,0,2020-05-07
Ventura,665.0,19.0,18,0,2020-05-08
Ventura,679.0,19.0,14,0,2020-05-09
Ventura,690.0,19.0,11,0,2020-05-10
Ventura,698.0,19.0,8,0,2020-05-11
Ventura,718.0,19.0,20,0,2020-05-12
Ventura,742.0,24.0,24,5,2020-05-13
Ventura,760.0,25.0,18,1,2020-05-14
Ventura,789.0,25.0,29,0,2020-05-15
Ventura,813.0,25.0,24,0,2020-05-16
Ventura,838.0,25.0,25,0,2020-05-17
Ventura,850.0,27.0,12,2,2020-05-18
Ventura,861.0,28.0,11,1,2020-05-19
Ventura,879.0,28.0,18,0,2020-05-20
Ventura,907.0,29.0,28,1,2020-05-21
Ventura,937.0,30.0,30,1,2020-05-22
Ventura,961.0,30.0,24,0,2020-05-23
Ventura,982.0,30.0,21,0,2020-05-24
Ventura,1020.0,30.0,38,0,2020-05-25
Ventura,1033.0,30.0,13,0,2020-05-26
Ventura,1065.0,32.0,32,2,2020-05-27
Ventura,1083.0,32.0,18,0,2020-05-28
Ventura,1093.0,32.0,10,0,2020-05-29
Ventura,1116.0,33.0,23,1,2020-05-30
Ventura,1151.0,33.0,35,0,2020-05-31
Ventura,1163.0,34.0,12,1,2020-06-01
Ventura,1178.0,34.0,15,0,2020-06-02
Ventura,1202.0,34.0,24,0,2020-06-03
Ventura,1236.0,35.0,34,1,2020-06-04
Ventura,1274.0,35.0,38,0,2020-06-05
Ventura,1303.0,35.0,29,0,2020-06-06
Ventura,1337.0,35.0,34,0,2020-06-07
Ventura,1382.0,35.0,45,0,2020-06-08
Ventura,1407.0,35.0,25,0,2020-06-09
Ventura,1446.0,38.0,39,3,2020-06-10
Ventura,1491.0,38.0,45,0,2020-06-11
Ventura,1534.0,40.0,43,2,2020-06-12
Ventura,1567.0,40.0,33,0,2020-06-13
Ventura,1610.0,40.0,43,0,2020-06-14
Ventura,1656.0,41.0,46,1,2020-06-15
Ventura,1676.0,41.0,20,0,2020-06-16
Ventura,1729.0,41.0,53,0,2020-06-17
Ventura,1781.0,41.0,52,0,2020-06-18
Ventura,1865.0,42.0,84,1,2020-06-19
Ventura,1946.0,42.0,81,0,2020-06-20
Ventura,2021.0,42.0,75,0,2020-06-21
Ventura,2065.0,43.0,44,1,2020-06-22
Ventura,2209.0,43.0,144,0,2020-06-23
Ventura,2314.0,44.0,105,1,2020-06-24
Ventura,2360.0,44.0,46,0,2020-06-25
Ventura,2467.0,44.0,107,0,2020-06-26
Ventura,2561.0,44.0,94,0,2020-06-27
Ventura,2747.0,44.0,186,0,2020-06-28
Ventura,3002.0,45.0,255,1,2020-06-29
Ventura,3156.0,46.0,154,1,2020-06-30
Ventura,3230.0,46.0,74,0,2020-07-01
Ventura,3394.0,47.0,164,1,2020-07-02
Ventura,3536.0,47.0,142,0,2020-07-03
Ventura,3687.0,47.0,151,0,2020-07-04
Ventura,3866.0,47.0,179,0,2020-07-05
Ventura,3912.0,50.0,46,3,2020-07-06
Ventura,3992.0,50.0,80,0,2020-07-07
Ventura,4139.0,50.0,147,0,2020-07-08
Ventura,4278.0,53.0,139,3,2020-07-09
Ventura,4416.0,53.0,138,0,2020-07-10
Ventura,4545.0,53.0,129,0,2020-07-11
Ventura,4724.0,53.0,179,0,2020-07-12
Ventura,4800.0,53.0,76,0,2020-07-13
Ventura,4950.0,53.0,150,0,2020-07-14
Ventura,5087.0,53.0,137,0,2020-07-15
Ventura,5231.0,56.0,144,3,2020-07-16
Ventura,5451.0,56.0,220,0,2020-07-17
Ventura,5630.0,56.0,179,0,2020-07-18
Ventura,5706.0,56.0,76,0,2020-07-19
Ventura,5912.0,57.0,206,1,2020-07-20
Ventura,6131.0,62.0,219,5,2020-07-21
Ventura,6223.0,63.0,92,1,2020-07-22
Ventura,6303.0,63.0,80,0,2020-07-23
Ventura,6553.0,67.0,250,4,2020-07-24
Ventura,6662.0,67.0,109,0,2020-07-25
Ventura,6844.0,67.0,182,0,2020-07-26
Ventura,6998.0,67.0,154,0,2020-07-27
Ventura,7045.0,71.0,47,4,2020-07-28
Ventura,7161.0,73.0,116,2,2020-07-29
Ventura,7304.0,74.0,143,1,2020-07-30
Ventura,7521.0,76.0,217,2,2020-07-31
Ventura,7819.0,76.0,298,0,2020-08-01
Ventura,8014.0,76.0,195,0,2020-08-02
Ventura,8084.0,76.0,70,0,2020-08-03
Ventura,8134.0,77.0,50,1,2020-08-04
Ventura,8162.0,79.0,28,2,2020-08-05
Ventura,8245.0,82.0,83,3,2020-08-06
Ventura,8356.0,89.0,111,7,2020-08-07
Ventura,8462.0,89.0,106,0,2020-08-08
Ventura,8633.0,89.0,171,0,2020-08-09
Ventura,8851.0,92.0,218,3,2020-08-10
Ventura,8953.0,93.0,102,1,2020-08-11
Ventura,9005.0,93.0,52,0,2020-08-12
Ventura,9114.0,94.0,109,1,2020-08-13
Ventura,9313.0,95.0,199,1,2020-08-14
Ventura,9379.0,95.0,66,0,2020-08-15
Ventura,9408.0,95.0,29,0,2020-08-16
Ventura,9490.0,96.0,82,1,2020-08-17
Ventura,9536.0,97.0,46,1,2020-08-18
Ventura,9587.0,98.0,51,1,2020-08-19
Ventura,9744.0,101.0,157,3,2020-08-20
Ventura,9865.0,102.0,121,1,2020-08-21
Ventura,9959.0,102.0,94,0,2020-08-22
Ventura,10126.0,102.0,167,0,2020-08-23
Ventura,10261.0,103.0,135,1,2020-08-24
Ventura,10313.0,105.0,52,2,2020-08-25
Ventura,10412.0,107.0,99,2,2020-08-26
Ventura,10483.0,110.0,71,3,2020-08-27
Ventura,10606.0,115.0,123,5,2020-08-28
Ventura,10705.0,115.0,99,0,2020-08-29
Ventura,10775.0,115.0,70,0,2020-08-30
Ventura,10866.0,116.0,91,1,2020-08-31
Ventura,10899.0,116.0,33,0,2020-09-01
Ventura,11031.0,116.0,132,0,2020-09-02
Ventura,11109.0,116.0,78,0,2020-09-03
Ventura,11171.0,118.0,62,2,2020-09-04
Ventura,11254.0,118.0,83,0,2020-09-05
Ventura,11315.0,118.0,61,0,2020-09-06
Ventura,11463.0,118.0,148,0,2020-09-07
Ventura,11475.0,123.0,12,5,2020-09-08
Ventura,11497.0,126.0,22,3,2020-09-09
Ventura,11600.0,129.0,103,3,2020-09-10
Ventura,11700.0,129.0,100,0,2020-09-11
Ventura,11759.0,129.0,59,0,2020-09-12
Ventura,11855.0,129.0,96,0,2020-09-13
Ventura,11903.0,135.0,48,6,2020-09-14
Ventura,11932.0,138.0,29,3,2020-09-15
Ventura,12073.0,141.0,141,3,2020-09-16
Ventura,12167.0,142.0,94,1,2020-09-17
Ventura,12236.0,143.0,69,1,2020-09-18
Ventura,12328.0,143.0,92,0,2020-09-19
Ventura,12406.0,143.0,78,0,2020-09-20
Ventura,12477.0,146.0,71,3,2020-09-21
Ventura,12507.0,146.0,30,0,2020-09-22
Ventura,12591.0,146.0,84,0,2020-09-23
Ventura,12617.0,147.0,26,1,2020-09-24
Ventura,12664.0,150.0,47,3,2020-09-25
Ventura,12729.0,150.0,65,0,2020-09-26
Ventura,12775.0,150.0,46,0,2020-09-27
Ventura,12812.0,150.0,37,0,2020-09-28
Ventura,12875.0,150.0,63,0,2020-09-29
Ventura,12968.0,150.0,93,0,2020-09-30
Ventura,13057.0,152.0,89,2,2020-10-01
Ventura,13120.0,153.0,63,1,2020-10-02
Ventura,13150.0,153.0,30,0,2020-10-03
Ventura,13197.0,153.0,47,0,2020-10-04
Ventura,13224.0,154.0,27,1,2020-10-05
Ventura,13242.0,154.0,18,0,2020-10-06
Ventura,13333.0,157.0,91,3,2020-10-07
Ventura,13399.0,157.0,66,0,2020-10-08
Ventura,13469.0,158.0,70,1,2020-10-09
Ventura,13520.0,158.0,51,0,2020-10-10
Ventura,13604.0,158.0,84,0,2020-10-11
Ventura,13617.0,158.0,13,0,2020-10-12
Ventura,13645.0,158.0,28,0,2020-10-13
Ventura,13697.0,158.0,52,0,2020-10-14
Ventura,13750.0,159.0,53,1,2020-10-15
Ventura,13805.0,160.0,55,1,2020-10-16
Ventura,13845.0,160.0,40,0,2020-10-17
Ventura,13901.0,160.0,56,0,2020-10-18
Ventura,13930.0,160.0,29,0,2020-10-19
Ventura,13980.0,160.0,50,0,2020-10-20
Ventura,14050.0,160.0,70,0,2020-10-21
Ventura,14124.0,162.0,74,2,2020-10-22
Ventura,14192.0,164.0,68,2,2020-10-23
Ventura,14240.0,164.0,48,0,2020-10-24
Ventura,14300.0,164.0,60,0,2020-10-25
Ventura,14330.0,165.0,30,1,2020-10-26
Ventura,14347.0,165.0,17,0,2020-10-27
Ventura,14409.0,166.0,62,1,2020-10-28
Ventura,14486.0,166.0,77,0,2020-10-29
Ventura,14578.0,166.0,92,0,2020-10-30
Ventura,14635.0,166.0,57,0,2020-10-31
Ventura,14686.0,166.0,51,0,2020-11-01
Ventura,14767.0,167.0,81,1,2020-11-02
Ventura,14816.0,167.0,49,0,2020-11-03
Ventura,14936.0,167.0,120,0,2020-11-04
Ventura,15113.0,169.0,177,2,2020-11-05
Ventura,15222.0,169.0,109,0,2020-11-06
Ventura,15353.0,169.0,131,0,2020-11-07
Ventura,15504.0,169.0,151,0,2020-11-08
Ventura,15568.0,169.0,64,0,2020-11-09
Ventura,15625.0,171.0,57,2,2020-11-10
Ventura,15801.0,171.0,176,0,2020-11-11
Ventura,16013.0,171.0,212,0,2020-11-12
Ventura,16172.0,172.0,159,1,2020-11-13
Ventura,16297.0,172.0,125,0,2020-11-14
Ventura,16564.0,172.0,267,0,2020-11-15
Ventura,16691.0,172.0,127,0,2020-11-16
Ventura,16797.0,173.0,106,1,2020-11-17
Ventura,17169.0,173.0,372,0,2020-11-18
Ventura,17300.0,174.0,131,1,2020-11-19
Ventura,17741.0,174.0,441,0,2020-11-20
Ventura,18040.0,174.0,299,0,2020-11-21
Ventura,18105.0,174.0,65,0,2020-11-22
Ventura,18480.0,175.0,375,1,2020-11-23
Ventura,18637.0,175.0,157,0,2020-11-24
Ventura,18914.0,175.0,277,0,2020-11-25
Ventura,19058.0,175.0,144,0,2020-11-26
Ventura,19379.0,175.0,321,0,2020-11-27
Ventura,19510.0,175.0,131,0,2020-11-28
Ventura,19952.0,175.0,442,0,2020-11-29
Ventura,20308.0,183.0,356,8,2020-11-30
Ventura,20604.0,185.0,296,2,2020-12-01
Ventura,21208.0,185.0,604,0,2020-12-02
Ventura,21555.0,187.0,347,2,2020-12-03
Ventura,22024.0,188.0,469,1,2020-12-04
Ventura,22710.0,188.0,686,0,2020-12-05
Ventura,23035.0,188.0,325,0,2020-12-06
Ventura,23354.0,189.0,319,1,2020-12-07
Ventura,23665.0,195.0,311,6,2020-12-08
Ventura,23830.0,197.0,165,2,2020-12-09
Ventura,24075.0,197.0,245,0,2020-12-10
Ventura,24999.0,198.0,924,1,2020-12-11
Ventura,25955.0,198.0,956,0,2020-12-12
Ventura,26588.0,198.0,633,0,2020-12-13
Ventura,27436.0,199.0,848,1,2020-12-14
Trinity,0.0,0.0,0,0,2020-03-18
Trinity,0.0,0.0,0,0,2020-03-19
Trinity,0.0,0.0,0,0,2020-03-20
Trinity,0.0,0.0,0,0,2020-03-21
Trinity,0.0,0.0,0,0,2020-03-22
Trinity,0.0,0.0,0,0,2020-03-23
Trinity,0.0,0.0,0,0,2020-03-24
Trinity,0.0,0.0,0,0,2020-03-25
Trinity,0.0,0.0,0,0,2020-03-26
Trinity,0.0,0.0,0,0,2020-03-27
Trinity,0.0,0.0,0,0,2020-03-28
Trinity,0.0,0.0,0,0,2020-03-29
Trinity,0.0,0.0,0,0,2020-03-30
Trinity,0.0,0.0,0,0,2020-03-31
Trinity,0.0,0.0,0,0,2020-04-01
Trinity,0.0,0.0,0,0,2020-04-02
Trinity,0.0,0.0,0,0,2020-04-03
Trinity,0.0,0.0,0,0,2020-04-04
Trinity,0.0,0.0,0,0,2020-04-05
Trinity,0.0,0.0,0,0,2020-04-06
Trinity,0.0,0.0,0,0,2020-04-07
Trinity,0.0,0.0,0,0,2020-04-08
Trinity,0.0,0.0,0,0,2020-04-09
Trinity,0.0,0.0,0,0,2020-04-10
Trinity,0.0,0.0,0,0,2020-04-11
Trinity,0.0,0.0,0,0,2020-04-12
Trinity,0.0,0.0,0,0,2020-04-13
Trinity,0.0,0.0,0,0,2020-04-14
Trinity,0.0,0.0,0,0,2020-04-15
Trinity,0.0,0.0,0,0,2020-04-16
Trinity,0.0,0.0,0,0,2020-04-17
Trinity,0.0,0.0,0,0,2020-04-18
Trinity,0.0,0.0,0,0,2020-04-19
Trinity,0.0,0.0,0,0,2020-04-20
Trinity,0.0,0.0,0,0,2020-04-21
Trinity,0.0,0.0,0,0,2020-04-22
Trinity,0.0,0.0,0,0,2020-04-23
Trinity,0.0,0.0,0,0,2020-04-24
Trinity,0.0,0.0,0,0,2020-04-25
Trinity,0.0,0.0,0,0,2020-04-26
Trinity,0.0,0.0,0,0,2020-04-27
Trinity,0.0,0.0,0,0,2020-04-28
Trinity,0.0,0.0,0,0,2020-04-29
Trinity,0.0,0.0,0,0,2020-04-30
Trinity,0.0,0.0,0,0,2020-05-01
Trinity,0.0,0.0,0,0,2020-05-02
Trinity,0.0,0.0,0,0,2020-05-03
Trinity,0.0,0.0,0,0,2020-05-04
Trinity,0.0,0.0,0,0,2020-05-05
Trinity,0.0,0.0,0,0,2020-05-06
Trinity,0.0,0.0,0,0,2020-05-07
Trinity,0.0,0.0,0,0,2020-05-08
Trinity,1.0,0.0,1,0,2020-05-09
Trinity,1.0,0.0,0,0,2020-05-10
Trinity,1.0,0.0,0,0,2020-05-11
Trinity,1.0,0.0,0,0,2020-05-12
Trinity,2.0,0.0,1,0,2020-05-13
Trinity,1.0,0.0,-1,0,2020-05-14
Trinity,1.0,0.0,0,0,2020-05-15
Trinity,1.0,0.0,0,0,2020-05-16
Trinity,1.0,0.0,0,0,2020-05-17
Trinity,1.0,0.0,0,0,2020-05-18
Trinity,1.0,0.0,0,0,2020-05-19
Trinity,1.0,0.0,0,0,2020-05-20
Trinity,1.0,0.0,0,0,2020-05-21
Trinity,1.0,0.0,0,0,2020-05-22
Trinity,1.0,0.0,0,0,2020-05-23
Trinity,1.0,0.0,0,0,2020-05-24
Trinity,1.0,0.0,0,0,2020-05-25
Trinity,1.0,0.0,0,0,2020-05-26
Trinity,1.0,0.0,0,0,2020-05-27
Trinity,1.0,0.0,0,0,2020-05-28
Trinity,1.0,0.0,0,0,2020-05-29
Trinity,1.0,0.0,0,0,2020-05-30
Trinity,1.0,0.0,0,0,2020-05-31
Trinity,1.0,0.0,0,0,2020-06-01
Trinity,1.0,0.0,0,0,2020-06-02
Trinity,1.0,0.0,0,0,2020-06-03
Trinity,1.0,0.0,0,0,2020-06-04
Trinity,1.0,0.0,0,0,2020-06-05
Trinity,2.0,0.0,1,0,2020-06-06
Trinity,2.0,0.0,0,0,2020-06-07
Trinity,2.0,0.0,0,0,2020-06-08
Trinity,2.0,0.0,0,0,2020-06-09
Trinity,2.0,0.0,0,0,2020-06-10
Trinity,2.0,0.0,0,0,2020-06-11
Trinity,2.0,0.0,0,0,2020-06-12
Trinity,2.0,0.0,0,0,2020-06-13
Trinity,2.0,0.0,0,0,2020-06-14
Trinity,2.0,0.0,0,0,2020-06-15
Trinity,2.0,0.0,0,0,2020-06-16
Trinity,2.0,0.0,0,0,2020-06-17
Trinity,2.0,0.0,0,0,2020-06-18
Trinity,2.0,0.0,0,0,2020-06-19
Trinity,2.0,0.0,0,0,2020-06-20
Trinity,2.0,0.0,0,0,2020-06-21
Trinity,2.0,0.0,0,0,2020-06-22
Trinity,2.0,0.0,0,0,2020-06-23
Trinity,2.0,0.0,0,0,2020-06-24
Trinity,2.0,0.0,0,0,2020-06-25
Trinity,2.0,0.0,0,0,2020-06-26
Trinity,2.0,0.0,0,0,2020-06-27
Trinity,2.0,0.0,0,0,2020-06-28
Trinity,2.0,0.0,0,0,2020-06-29
Trinity,2.0,0.0,0,0,2020-06-30
Trinity,2.0,0.0,0,0,2020-07-01
Trinity,2.0,0.0,0,0,2020-07-02
Trinity,2.0,0.0,0,0,2020-07-03
Trinity,2.0,0.0,0,0,2020-07-04
Trinity,2.0,0.0,0,0,2020-07-05
Trinity,2.0,0.0,0,0,2020-07-06
Trinity,2.0,0.0,0,0,2020-07-07
Trinity,2.0,0.0,0,0,2020-07-08
Trinity,2.0,0.0,0,0,2020-07-09
Trinity,2.0,0.0,0,0,2020-07-10
Trinity,2.0,0.0,0,0,2020-07-11
Trinity,2.0,0.0,0,0,2020-07-12
Trinity,2.0,0.0,0,0,2020-07-13
Trinity,2.0,0.0,0,0,2020-07-14
Trinity,2.0,0.0,0,0,2020-07-15
Trinity,2.0,0.0,0,0,2020-07-16
Trinity,2.0,0.0,0,0,2020-07-17
Trinity,2.0,0.0,0,0,2020-07-18
Trinity,2.0,0.0,0,0,2020-07-19
Trinity,2.0,0.0,0,0,2020-07-20
Trinity,2.0,0.0,0,0,2020-07-21
Trinity,3.0,0.0,1,0,2020-07-22
Trinity,3.0,0.0,0,0,2020-07-23
Trinity,3.0,0.0,0,0,2020-07-24
Trinity,3.0,0.0,0,0,2020-07-25
Trinity,3.0,0.0,0,0,2020-07-26
Trinity,3.0,0.0,0,0,2020-07-27
Trinity,3.0,0.0,0,0,2020-07-28
Trinity,4.0,0.0,1,0,2020-07-29
Trinity,4.0,0.0,0,0,2020-07-30
Trinity,5.0,0.0,1,0,2020-07-31
Trinity,5.0,0.0,0,0,2020-08-01
Trinity,5.0,0.0,0,0,2020-08-02
Trinity,5.0,0.0,0,0,2020-08-03
Trinity,5.0,0.0,0,0,2020-08-04
Trinity,5.0,0.0,0,0,2020-08-05
Trinity,5.0,0.0,0,0,2020-08-06
Trinity,5.0,0.0,0,0,2020-08-07
Trinity,5.0,0.0,0,0,2020-08-08
Trinity,5.0,0.0,0,0,2020-08-09
Trinity,5.0,0.0,0,0,2020-08-10
Trinity,5.0,0.0,0,0,2020-08-11
Trinity,6.0,0.0,1,0,2020-08-12
Trinity,6.0,0.0,0,0,2020-08-13
Trinity,6.0,0.0,0,0,2020-08-14
Trinity,6.0,0.0,0,0,2020-08-15
Trinity,8.0,0.0,2,0,2020-08-16
Trinity,8.0,0.0,0,0,2020-08-17
Trinity,8.0,0.0,0,0,2020-08-18
Trinity,8.0,0.0,0,0,2020-08-19
Trinity,8.0,0.0,0,0,2020-08-20
Trinity,8.0,0.0,0,0,2020-08-21
Trinity,8.0,0.0,0,0,2020-08-22
Trinity,10.0,0.0,2,0,2020-08-23
Trinity,10.0,0.0,0,0,2020-08-24
Trinity,10.0,0.0,0,0,2020-08-25
Trinity,10.0,0.0,0,0,2020-08-26
Trinity,11.0,0.0,1,0,2020-08-27
Trinity,11.0,0.0,0,0,2020-08-28
Trinity,11.0,0.0,0,0,2020-08-29
Trinity,13.0,0.0,2,0,2020-08-30
Trinity,13.0,0.0,0,0,2020-08-31
Trinity,13.0,0.0,0,0,2020-09-01
Trinity,13.0,0.0,0,0,2020-09-02
Trinity,13.0,0.0,0,0,2020-09-03
Trinity,13.0,0.0,0,0,2020-09-04
Trinity,13.0,0.0,0,0,2020-09-05
Trinity,13.0,0.0,0,0,2020-09-06
Trinity,13.0,0.0,0,0,2020-09-07
Trinity,13.0,0.0,0,0,2020-09-08
Trinity,14.0,0.0,1,0,2020-09-09
Trinity,15.0,0.0,1,0,2020-09-10
Trinity,16.0,0.0,1,0,2020-09-11
Trinity,15.0,0.0,-1,0,2020-09-12
Trinity,14.0,0.0,-1,0,2020-09-13
Trinity,14.0,0.0,0,0,2020-09-14
Trinity,15.0,0.0,1,0,2020-09-15
Trinity,15.0,0.0,0,0,2020-09-16
Trinity,15.0,0.0,0,0,2020-09-17
Trinity,15.0,0.0,0,0,2020-09-18
Trinity,15.0,0.0,0,0,2020-09-19
Trinity,15.0,0.0,0,0,2020-09-20
Trinity,15.0,0.0,0,0,2020-09-21
Trinity,15.0,0.0,0,0,2020-09-22
Trinity,15.0,0.0,0,0,2020-09-23
Trinity,15.0,0.0,0,0,2020-09-24
Trinity,15.0,0.0,0,0,2020-09-25
Trinity,16.0,0.0,1,0,2020-09-26
Trinity,16.0,0.0,0,0,2020-09-27
Trinity,16.0,0.0,0,0,2020-09-28
Trinity,16.0,0.0,0,0,2020-09-29
Trinity,15.0,0.0,-1,0,2020-09-30
Trinity,15.0,0.0,0,0,2020-10-01
Trinity,15.0,0.0,0,0,2020-10-02
Trinity,15.0,0.0,0,0,2020-10-03
Trinity,21.0,0.0,6,0,2020-10-04
Trinity,22.0,0.0,1,0,2020-10-05
Trinity,25.0,0.0,3,0,2020-10-06
Trinity,25.0,0.0,0,0,2020-10-07
Trinity,25.0,0.0,0,0,2020-10-08
Trinity,25.0,0.0,0,0,2020-10-09
Trinity,19.0,0.0,-6,0,2020-10-10
Trinity,19.0,0.0,0,0,2020-10-11
Trinity,19.0,0.0,0,0,2020-10-12
Trinity,19.0,0.0,0,0,2020-10-13
Trinity,20.0,0.0,1,0,2020-10-14
Trinity,20.0,0.0,0,0,2020-10-15
Trinity,20.0,0.0,0,0,2020-10-16
Trinity,20.0,0.0,0,0,2020-10-17
Trinity,20.0,0.0,0,0,2020-10-18
Trinity,23.0,0.0,3,0,2020-10-19
Trinity,25.0,0.0,2,0,2020-10-20
Trinity,25.0,0.0,0,0,2020-10-21
Trinity,26.0,0.0,1,0,2020-10-22
Trinity,26.0,0.0,0,0,2020-10-23
Trinity,25.0,0.0,-1,0,2020-10-24
Trinity,26.0,0.0,1,0,2020-10-25
Trinity,26.0,0.0,0,0,2020-10-26
Trinity,28.0,0.0,2,0,2020-10-27
Trinity,28.0,0.0,0,0,2020-10-28
Trinity,28.0,0.0,0,0,2020-10-29
Trinity,29.0,0.0,1,0,2020-10-30
Trinity,30.0,0.0,1,0,2020-10-31
Trinity,30.0,0.0,0,0,2020-11-01
Trinity,30.0,0.0,0,0,2020-11-02
Trinity,36.0,0.0,6,0,2020-11-03
Trinity,37.0,0.0,1,0,2020-11-04
Trinity,41.0,0.0,4,0,2020-11-05
Trinity,41.0,0.0,0,0,2020-11-06
Trinity,42.0,0.0,1,0,2020-11-07
Trinity,46.0,0.0,4,0,2020-11-08
Trinity,46.0,0.0,0,0,2020-11-09
Trinity,62.0,0.0,16,0,2020-11-10
Trinity,62.0,0.0,0,0,2020-11-11
Trinity,62.0,0.0,0,0,2020-11-12
Trinity,64.0,0.0,2,0,2020-11-13
Trinity,67.0,0.0,3,0,2020-11-14
Trinity,67.0,0.0,0,0,2020-11-15
Trinity,67.0,0.0,0,0,2020-11-16
Trinity,83.0,0.0,16,0,2020-11-17
Trinity,95.0,0.0,12,0,2020-11-18
Trinity,97.0,0.0,2,0,2020-11-19
Trinity,102.0,0.0,5,0,2020-11-20
Trinity,110.0,0.0,8,0,2020-11-21
Trinity,114.0,0.0,4,0,2020-11-22
Trinity,120.0,0.0,6,0,2020-11-23
Trinity,129.0,0.0,9,0,2020-11-24
Trinity,135.0,0.0,6,0,2020-11-25
Trinity,139.0,0.0,4,0,2020-11-26
Trinity,151.0,0.0,12,0,2020-11-27
Trinity,157.0,0.0,6,0,2020-11-28
Trinity,159.0,0.0,2,0,2020-11-29
Trinity,162.0,0.0,3,0,2020-11-30
Trinity,165.0,0.0,3,0,2020-12-01
Trinity,165.0,0.0,0,0,2020-12-02
Trinity,166.0,0.0,1,0,2020-12-03
Trinity,172.0,0.0,6,0,2020-12-04
Trinity,177.0,0.0,5,0,2020-12-05
Trinity,181.0,0.0,4,0,2020-12-06
Trinity,194.0,1.0,13,1,2020-12-07
Trinity,198.0,1.0,4,0,2020-12-08
Trinity,199.0,1.0,1,0,2020-12-09
Trinity,202.0,1.0,3,0,2020-12-10
Trinity,204.0,1.0,2,0,2020-12-11
Trinity,204.0,1.0,0,0,2020-12-12
Trinity,204.0,1.0,0,0,2020-12-13
Trinity,205.0,1.0,1,0,2020-12-14
Mariposa,0.0,0.0,0,0,2020-03-18
Mariposa,0.0,0.0,0,0,2020-03-19
Mariposa,0.0,0.0,0,0,2020-03-20
Mariposa,0.0,0.0,0,0,2020-03-21
Mariposa,0.0,0.0,0,0,2020-03-22
Mariposa,0.0,0.0,0,0,2020-03-23
Mariposa,0.0,0.0,0,0,2020-03-24
Mariposa,0.0,0.0,0,0,2020-03-25
Mariposa,0.0,0.0,0,0,2020-03-26
Mariposa,0.0,0.0,0,0,2020-03-27
Mariposa,0.0,0.0,0,0,2020-03-28
Mariposa,0.0,0.0,0,0,2020-03-29
Mariposa,0.0,0.0,0,0,2020-03-30
Mariposa,0.0,0.0,0,0,2020-03-31
Mariposa,0.0,0.0,0,0,2020-04-01
Mariposa,0.0,0.0,0,0,2020-04-02
Mariposa,0.0,0.0,0,0,2020-04-03
Mariposa,0.0,0.0,0,0,2020-04-04
Mariposa,0.0,0.0,0,0,2020-04-05
Mariposa,0.0,0.0,0,0,2020-04-06
Mariposa,0.0,0.0,0,0,2020-04-07
Mariposa,0.0,0.0,0,0,2020-04-08
Mariposa,0.0,0.0,0,0,2020-04-09
Mariposa,0.0,0.0,0,0,2020-04-10
Mariposa,0.0,0.0,0,0,2020-04-11
Mariposa,0.0,0.0,0,0,2020-04-12
Mariposa,0.0,0.0,0,0,2020-04-13
Mariposa,0.0,0.0,0,0,2020-04-14
Mariposa,0.0,0.0,0,0,2020-04-15
Mariposa,1.0,0.0,1,0,2020-04-16
Mariposa,0.0,0.0,-1,0,2020-04-17
Mariposa,0.0,0.0,0,0,2020-04-18
Mariposa,0.0,0.0,0,0,2020-04-19
Mariposa,0.0,0.0,0,0,2020-04-20
Mariposa,0.0,0.0,0,0,2020-04-21
Mariposa,0.0,0.0,0,0,2020-04-22
Mariposa,0.0,0.0,0,0,2020-04-23
Mariposa,0.0,0.0,0,0,2020-04-24
Mariposa,0.0,0.0,0,0,2020-04-25
Mariposa,0.0,0.0,0,0,2020-04-26
Mariposa,0.0,0.0,0,0,2020-04-27
Mariposa,0.0,0.0,0,0,2020-04-28
Mariposa,1.0,0.0,1,0,2020-04-29
Mariposa,3.0,0.0,2,0,2020-04-30
Mariposa,10.0,0.0,7,0,2020-05-01
Mariposa,13.0,0.0,3,0,2020-05-02
Mariposa,13.0,0.0,0,0,2020-05-03
Mariposa,13.0,0.0,0,0,2020-05-04
Mariposa,14.0,0.0,1,0,2020-05-05
Mariposa,14.0,0.0,0,0,2020-05-06
Mariposa,15.0,0.0,1,0,2020-05-07
Mariposa,15.0,0.0,0,0,2020-05-08
Mariposa,15.0,0.0,0,0,2020-05-09
Mariposa,15.0,0.0,0,0,2020-05-10
Mariposa,15.0,0.0,0,0,2020-05-11
Mariposa,15.0,0.0,0,0,2020-05-12
Mariposa,15.0,0.0,0,0,2020-05-13
Mariposa,15.0,0.0,0,0,2020-05-14
Mariposa,15.0,0.0,0,0,2020-05-15
Mariposa,15.0,1.0,0,1,2020-05-16
Mariposa,15.0,1.0,0,0,2020-05-17
Mariposa,15.0,1.0,0,0,2020-05-18
Mariposa,15.0,1.0,0,0,2020-05-19
Mariposa,15.0,1.0,0,0,2020-05-20
Mariposa,15.0,1.0,0,0,2020-05-21
Mariposa,15.0,1.0,0,0,2020-05-22
Mariposa,15.0,1.0,0,0,2020-05-23
Mariposa,15.0,1.0,0,0,2020-05-24
Mariposa,15.0,1.0,0,0,2020-05-25
Mariposa,16.0,1.0,1,0,2020-05-26
Mariposa,16.0,1.0,0,0,2020-05-27
Mariposa,16.0,1.0,0,0,2020-05-28
Mariposa,16.0,1.0,0,0,2020-05-29
Mariposa,16.0,1.0,0,0,2020-05-30
Mariposa,16.0,1.0,0,0,2020-05-31
Mariposa,16.0,1.0,0,0,2020-06-01
Mariposa,16.0,1.0,0,0,2020-06-02
Mariposa,16.0,1.0,0,0,2020-06-03
Mariposa,16.0,1.0,0,0,2020-06-04
Mariposa,16.0,1.0,0,0,2020-06-05
Mariposa,16.0,1.0,0,0,2020-06-06
Mariposa,16.0,1.0,0,0,2020-06-07
Mariposa,16.0,1.0,0,0,2020-06-08
Mariposa,16.0,1.0,0,0,2020-06-09
Mariposa,16.0,1.0,0,0,2020-06-10
Mariposa,16.0,1.0,0,0,2020-06-11
Mariposa,16.0,1.0,0,0,2020-06-12
Mariposa,16.0,1.0,0,0,2020-06-13
Mariposa,16.0,1.0,0,0,2020-06-14
Mariposa,17.0,1.0,1,0,2020-06-15
Mariposa,17.0,1.0,0,0,2020-06-16
Mariposa,18.0,1.0,1,0,2020-06-17
Mariposa,18.0,1.0,0,0,2020-06-18
Mariposa,18.0,1.0,0,0,2020-06-19
Mariposa,18.0,1.0,0,0,2020-06-20
Mariposa,18.0,1.0,0,0,2020-06-21
Mariposa,18.0,1.0,0,0,2020-06-22
Mariposa,18.0,1.0,0,0,2020-06-23
Mariposa,19.0,1.0,1,0,2020-06-24
Mariposa,20.0,1.0,1,0,2020-06-25
Mariposa,21.0,1.0,1,0,2020-06-26
Mariposa,22.0,1.0,1,0,2020-06-27
Mariposa,24.0,1.0,2,0,2020-06-28
Mariposa,26.0,1.0,2,0,2020-06-29
Mariposa,28.0,1.0,2,0,2020-06-30
Mariposa,28.0,1.0,0,0,2020-07-01
Mariposa,28.0,1.0,0,0,2020-07-02
Mariposa,28.0,1.0,0,0,2020-07-03
Mariposa,28.0,1.0,0,0,2020-07-04
Mariposa,31.0,1.0,3,0,2020-07-05
Mariposa,31.0,1.0,0,0,2020-07-06
Mariposa,31.0,1.0,0,0,2020-07-07
Mariposa,31.0,1.0,0,0,2020-07-08
Mariposa,32.0,1.0,1,0,2020-07-09
Mariposa,31.0,1.0,-1,0,2020-07-10
Mariposa,31.0,1.0,0,0,2020-07-11
Mariposa,31.0,1.0,0,0,2020-07-12
Mariposa,31.0,1.0,0,0,2020-07-13
Mariposa,32.0,1.0,1,0,2020-07-14
Mariposa,34.0,1.0,2,0,2020-07-15
Mariposa,34.0,1.0,0,0,2020-07-16
Mariposa,35.0,1.0,1,0,2020-07-17
Mariposa,35.0,1.0,0,0,2020-07-18
Mariposa,35.0,1.0,0,0,2020-07-19
Mariposa,36.0,1.0,1,0,2020-07-20
Mariposa,37.0,1.0,1,0,2020-07-21
Mariposa,38.0,1.0,1,0,2020-07-22
Mariposa,40.0,1.0,2,0,2020-07-23
Mariposa,41.0,1.0,1,0,2020-07-24
Mariposa,43.0,1.0,2,0,2020-07-25
Mariposa,43.0,2.0,0,1,2020-07-26
Mariposa,43.0,2.0,0,0,2020-07-27
Mariposa,45.0,2.0,2,0,2020-07-28
Mariposa,47.0,2.0,2,0,2020-07-29
Mariposa,49.0,2.0,2,0,2020-07-30
Mariposa,49.0,2.0,0,0,2020-07-31
Mariposa,50.0,2.0,1,0,2020-08-01
Mariposa,52.0,2.0,2,0,2020-08-02
Mariposa,52.0,2.0,0,0,2020-08-03
Mariposa,51.0,2.0,-1,0,2020-08-04
Mariposa,52.0,2.0,1,0,2020-08-05
Mariposa,52.0,2.0,0,0,2020-08-06
Mariposa,53.0,2.0,1,0,2020-08-07
Mariposa,55.0,2.0,2,0,2020-08-08
Mariposa,56.0,2.0,1,0,2020-08-09
Mariposa,57.0,2.0,1,0,2020-08-10
Mariposa,60.0,2.0,3,0,2020-08-11
Mariposa,61.0,2.0,1,0,2020-08-12
Mariposa,61.0,2.0,0,0,2020-08-13
Mariposa,61.0,2.0,0,0,2020-08-14
Mariposa,61.0,2.0,0,0,2020-08-15
Mariposa,61.0,2.0,0,0,2020-08-16
Mariposa,61.0,2.0,0,0,2020-08-17
Mariposa,61.0,2.0,0,0,2020-08-18
Mariposa,64.0,2.0,3,0,2020-08-19
Mariposa,67.0,2.0,3,0,2020-08-20
Mariposa,66.0,2.0,-1,0,2020-08-21
Mariposa,66.0,2.0,0,0,2020-08-22
Mariposa,66.0,2.0,0,0,2020-08-23
Mariposa,66.0,2.0,0,0,2020-08-24
Mariposa,67.0,2.0,1,0,2020-08-25
Mariposa,68.0,2.0,1,0,2020-08-26
Mariposa,67.0,2.0,-1,0,2020-08-27
Mariposa,67.0,2.0,0,0,2020-08-28
Mariposa,69.0,2.0,2,0,2020-08-29
Mariposa,69.0,2.0,0,0,2020-08-30
Mariposa,69.0,2.0,0,0,2020-08-31
Mariposa,72.0,2.0,3,0,2020-09-01
Mariposa,71.0,2.0,-1,0,2020-09-02
Mariposa,71.0,2.0,0,0,2020-09-03
Mariposa,72.0,2.0,1,0,2020-09-04
Mariposa,72.0,2.0,0,0,2020-09-05
Mariposa,72.0,2.0,0,0,2020-09-06
Mariposa,72.0,2.0,0,0,2020-09-07
Mariposa,72.0,2.0,0,0,2020-09-08
Mariposa,72.0,2.0,0,0,2020-09-09
Mariposa,72.0,2.0,0,0,2020-09-10
Mariposa,72.0,2.0,0,0,2020-09-11
Mariposa,72.0,2.0,0,0,2020-09-12
Mariposa,74.0,2.0,2,0,2020-09-13
Mariposa,74.0,2.0,0,0,2020-09-14
Mariposa,74.0,2.0,0,0,2020-09-15
Mariposa,74.0,2.0,0,0,2020-09-16
Mariposa,74.0,2.0,0,0,2020-09-17
Mariposa,74.0,2.0,0,0,2020-09-18
Mariposa,74.0,2.0,0,0,2020-09-19
Mariposa,74.0,2.0,0,0,2020-09-20
Mariposa,74.0,2.0,0,0,2020-09-21
Mariposa,74.0,2.0,0,0,2020-09-22
Mariposa,74.0,2.0,0,0,2020-09-23
Mariposa,74.0,2.0,0,0,2020-09-24
Mariposa,74.0,2.0,0,0,2020-09-25
Mariposa,74.0,2.0,0,0,2020-09-26
Mariposa,74.0,2.0,0,0,2020-09-27
Mariposa,74.0,2.0,0,0,2020-09-28
Mariposa,74.0,2.0,0,0,2020-09-29
Mariposa,76.0,2.0,2,0,2020-09-30
Mariposa,76.0,2.0,0,0,2020-10-01
Mariposa,75.0,2.0,-1,0,2020-10-02
Mariposa,75.0,2.0,0,0,2020-10-03
Mariposa,75.0,2.0,0,0,2020-10-04
Mariposa,75.0,2.0,0,0,2020-10-05
Mariposa,75.0,2.0,0,0,2020-10-06
Mariposa,75.0,2.0,0,0,2020-10-07
Mariposa,76.0,2.0,1,0,2020-10-08
Mariposa,76.0,2.0,0,0,2020-10-09
Mariposa,76.0,2.0,0,0,2020-10-10
Mariposa,76.0,2.0,0,0,2020-10-11
Mariposa,76.0,2.0,0,0,2020-10-12
Mariposa,76.0,2.0,0,0,2020-10-13
Mariposa,76.0,2.0,0,0,2020-10-14
Mariposa,76.0,2.0,0,0,2020-10-15
Mariposa,76.0,2.0,0,0,2020-10-16
Mariposa,77.0,2.0,1,0,2020-10-17
Mariposa,77.0,2.0,0,0,2020-10-18
Mariposa,77.0,2.0,0,0,2020-10-19
Mariposa,77.0,2.0,0,0,2020-10-20
Mariposa,77.0,2.0,0,0,2020-10-21
Mariposa,77.0,2.0,0,0,2020-10-22
Mariposa,77.0,2.0,0,0,2020-10-23
Mariposa,77.0,2.0,0,0,2020-10-24
Mariposa,77.0,2.0,0,0,2020-10-25
Mariposa,77.0,2.0,0,0,2020-10-26
Mariposa,78.0,2.0,1,0,2020-10-27
Mariposa,78.0,2.0,0,0,2020-10-28
Mariposa,78.0,2.0,0,0,2020-10-29
Mariposa,78.0,2.0,0,0,2020-10-30
Mariposa,79.0,2.0,1,0,2020-10-31
Mariposa,79.0,2.0,0,0,2020-11-01
Mariposa,79.0,2.0,0,0,2020-11-02
Mariposa,79.0,2.0,0,0,2020-11-03
Mariposa,79.0,2.0,0,0,2020-11-04
Mariposa,79.0,2.0,0,0,2020-11-05
Mariposa,79.0,2.0,0,0,2020-11-06
Mariposa,79.0,2.0,0,0,2020-11-07
Mariposa,83.0,2.0,4,0,2020-11-08
Mariposa,84.0,2.0,1,0,2020-11-09
Mariposa,84.0,2.0,0,0,2020-11-10
Mariposa,84.0,2.0,0,0,2020-11-11
Mariposa,84.0,2.0,0,0,2020-11-12
Mariposa,86.0,2.0,2,0,2020-11-13
Mariposa,86.0,2.0,0,0,2020-11-14
Mariposa,86.0,2.0,0,0,2020-11-15
Mariposa,86.0,2.0,0,0,2020-11-16
Mariposa,87.0,2.0,1,0,2020-11-17
Mariposa,88.0,2.0,1,0,2020-11-18
Mariposa,88.0,2.0,0,0,2020-11-19
Mariposa,89.0,2.0,1,0,2020-11-20
Mariposa,92.0,2.0,3,0,2020-11-21
Mariposa,95.0,2.0,3,0,2020-11-22
Mariposa,97.0,2.0,2,0,2020-11-23
Mariposa,114.0,2.0,17,0,2020-11-24
Mariposa,114.0,2.0,0,0,2020-11-25
Mariposa,116.0,2.0,2,0,2020-11-26
Mariposa,118.0,2.0,2,0,2020-11-27
Mariposa,120.0,2.0,2,0,2020-11-28
Mariposa,123.0,2.0,3,0,2020-11-29
Mariposa,123.0,2.0,0,0,2020-11-30
Mariposa,128.0,3.0,5,1,2020-12-01
Mariposa,131.0,3.0,3,0,2020-12-02
Mariposa,132.0,3.0,1,0,2020-12-03
Mariposa,136.0,3.0,4,0,2020-12-04
Mariposa,143.0,3.0,7,0,2020-12-05
Mariposa,144.0,3.0,1,0,2020-12-06
Mariposa,146.0,3.0,2,0,2020-12-07
Mariposa,150.0,4.0,4,1,2020-12-08
Mariposa,154.0,4.0,4,0,2020-12-09
Mariposa,160.0,4.0,6,0,2020-12-10
Mariposa,164.0,4.0,4,0,2020-12-11
Mariposa,164.0,4.0,0,0,2020-12-12
Mariposa,167.0,4.0,3,0,2020-12-13
Mariposa,171.0,4.0,4,0,2020-12-14
El Dorado,0.0,0.0,0,0,2020-03-18
El Dorado,0.0,0.0,0,0,2020-03-19
El Dorado,1.0,0.0,1,0,2020-03-20
El Dorado,1.0,0.0,0,0,2020-03-21
El Dorado,1.0,0.0,0,0,2020-03-22
El Dorado,3.0,0.0,2,0,2020-03-23
El Dorado,3.0,0.0,0,0,2020-03-24
El Dorado,5.0,0.0,2,0,2020-03-25
El Dorado,7.0,0.0,2,0,2020-03-26
El Dorado,9.0,0.0,2,0,2020-03-27
El Dorado,9.0,0.0,0,0,2020-03-28
El Dorado,9.0,0.0,0,0,2020-03-29
El Dorado,11.0,0.0,2,0,2020-03-30
El Dorado,14.0,0.0,3,0,2020-03-31
El Dorado,14.0,0.0,0,0,2020-04-01
El Dorado,16.0,0.0,2,0,2020-04-02
El Dorado,16.0,0.0,0,0,2020-04-03
El Dorado,19.0,0.0,3,0,2020-04-04
El Dorado,19.0,0.0,0,0,2020-04-05
El Dorado,23.0,0.0,4,0,2020-04-06
El Dorado,22.0,0.0,-1,0,2020-04-07
El Dorado,25.0,0.0,3,0,2020-04-08
El Dorado,25.0,0.0,0,0,2020-04-09
El Dorado,26.0,0.0,1,0,2020-04-10
El Dorado,29.0,0.0,3,0,2020-04-11
El Dorado,28.0,0.0,-1,0,2020-04-12
El Dorado,30.0,0.0,2,0,2020-04-13
El Dorado,30.0,0.0,0,0,2020-04-14
El Dorado,33.0,0.0,3,0,2020-04-15
El Dorado,34.0,0.0,1,0,2020-04-16
El Dorado,35.0,0.0,1,0,2020-04-17
El Dorado,36.0,0.0,1,0,2020-04-18
El Dorado,36.0,0.0,0,0,2020-04-19
El Dorado,36.0,0.0,0,0,2020-04-20
El Dorado,36.0,0.0,0,0,2020-04-21
El Dorado,39.0,0.0,3,0,2020-04-22
El Dorado,39.0,0.0,0,0,2020-04-23
El Dorado,41.0,0.0,2,0,2020-04-24
El Dorado,41.0,0.0,0,0,2020-04-25
El Dorado,41.0,0.0,0,0,2020-04-26
El Dorado,43.0,0.0,2,0,2020-04-27
El Dorado,43.0,0.0,0,0,2020-04-28
El Dorado,44.0,0.0,1,0,2020-04-29
El Dorado,44.0,0.0,0,0,2020-04-30
El Dorado,47.0,0.0,3,0,2020-05-01
El Dorado,47.0,0.0,0,0,2020-05-02
El Dorado,49.0,0.0,2,0,2020-05-03
El Dorado,51.0,0.0,2,0,2020-05-04
El Dorado,54.0,0.0,3,0,2020-05-05
El Dorado,53.0,0.0,-1,0,2020-05-06
El Dorado,54.0,0.0,1,0,2020-05-07
El Dorado,54.0,0.0,0,0,2020-05-08
El Dorado,54.0,0.0,0,0,2020-05-09
El Dorado,55.0,0.0,1,0,2020-05-10
El Dorado,55.0,0.0,0,0,2020-05-11
El Dorado,56.0,0.0,1,0,2020-05-12
El Dorado,58.0,0.0,2,0,2020-05-13
El Dorado,59.0,0.0,1,0,2020-05-14
El Dorado,64.0,0.0,5,0,2020-05-15
El Dorado,65.0,0.0,1,0,2020-05-16
El Dorado,65.0,0.0,0,0,2020-05-17
El Dorado,67.0,0.0,2,0,2020-05-18
El Dorado,67.0,0.0,0,0,2020-05-19
El Dorado,67.0,0.0,0,0,2020-05-20
El Dorado,67.0,0.0,0,0,2020-05-21
El Dorado,74.0,0.0,7,0,2020-05-22
El Dorado,74.0,0.0,0,0,2020-05-23
El Dorado,76.0,0.0,2,0,2020-05-24
El Dorado,78.0,0.0,2,0,2020-05-25
El Dorado,79.0,0.0,1,0,2020-05-26
El Dorado,82.0,0.0,3,0,2020-05-27
El Dorado,82.0,0.0,0,0,2020-05-28
El Dorado,85.0,0.0,3,0,2020-05-29
El Dorado,86.0,0.0,1,0,2020-05-30
El Dorado,88.0,0.0,2,0,2020-05-31
El Dorado,88.0,0.0,0,0,2020-06-01
El Dorado,88.0,0.0,0,0,2020-06-02
El Dorado,90.0,0.0,2,0,2020-06-03
El Dorado,101.0,0.0,11,0,2020-06-04
El Dorado,101.0,0.0,0,0,2020-06-05
El Dorado,104.0,0.0,3,0,2020-06-06
El Dorado,104.0,0.0,0,0,2020-06-07
El Dorado,107.0,0.0,3,0,2020-06-08
El Dorado,108.0,0.0,1,0,2020-06-09
El Dorado,109.0,0.0,1,0,2020-06-10
El Dorado,109.0,0.0,0,0,2020-06-11
El Dorado,110.0,0.0,1,0,2020-06-12
El Dorado,110.0,0.0,0,0,2020-06-13
El Dorado,110.0,0.0,0,0,2020-06-14
El Dorado,114.0,0.0,4,0,2020-06-15
El Dorado,115.0,0.0,1,0,2020-06-16
El Dorado,116.0,0.0,1,0,2020-06-17
El Dorado,121.0,0.0,5,0,2020-06-18
El Dorado,124.0,0.0,3,0,2020-06-19
El Dorado,130.0,0.0,6,0,2020-06-20
El Dorado,132.0,0.0,2,0,2020-06-21
El Dorado,137.0,0.0,5,0,2020-06-22
El Dorado,142.0,0.0,5,0,2020-06-23
El Dorado,149.0,0.0,7,0,2020-06-24
El Dorado,150.0,0.0,1,0,2020-06-25
El Dorado,160.0,0.0,10,0,2020-06-26
El Dorado,161.0,0.0,1,0,2020-06-27
El Dorado,167.0,0.0,6,0,2020-06-28
El Dorado,173.0,0.0,6,0,2020-06-29
El Dorado,180.0,0.0,7,0,2020-06-30
El Dorado,186.0,0.0,6,0,2020-07-01
El Dorado,193.0,0.0,7,0,2020-07-02
El Dorado,201.0,0.0,8,0,2020-07-03
El Dorado,211.0,0.0,10,0,2020-07-04
El Dorado,227.0,0.0,16,0,2020-07-05
El Dorado,232.0,0.0,5,0,2020-07-06
El Dorado,244.0,0.0,12,0,2020-07-07
El Dorado,248.0,0.0,4,0,2020-07-08
El Dorado,255.0,0.0,7,0,2020-07-09
El Dorado,266.0,0.0,11,0,2020-07-10
El Dorado,283.0,0.0,17,0,2020-07-11
El Dorado,290.0,0.0,7,0,2020-07-12
El Dorado,298.0,0.0,8,0,2020-07-13
El Dorado,324.0,0.0,26,0,2020-07-14
El Dorado,339.0,0.0,15,0,2020-07-15
El Dorado,357.0,0.0,18,0,2020-07-16
El Dorado,368.0,0.0,11,0,2020-07-17
El Dorado,385.0,0.0,17,0,2020-07-18
El Dorado,385.0,0.0,0,0,2020-07-19
El Dorado,407.0,0.0,22,0,2020-07-20
El Dorado,440.0,0.0,33,0,2020-07-21
El Dorado,466.0,0.0,26,0,2020-07-22
El Dorado,491.0,1.0,25,1,2020-07-23
El Dorado,516.0,1.0,25,0,2020-07-24
El Dorado,528.0,1.0,12,0,2020-07-25
El Dorado,539.0,1.0,11,0,2020-07-26
El Dorado,548.0,1.0,9,0,2020-07-27
El Dorado,558.0,1.0,10,0,2020-07-28
El Dorado,588.0,1.0,30,0,2020-07-29
El Dorado,608.0,1.0,20,0,2020-07-30
El Dorado,616.0,1.0,8,0,2020-07-31
El Dorado,637.0,1.0,21,0,2020-08-01
El Dorado,643.0,1.0,6,0,2020-08-02
El Dorado,645.0,1.0,2,0,2020-08-03
El Dorado,668.0,1.0,23,0,2020-08-04
El Dorado,692.0,1.0,24,0,2020-08-05
El Dorado,703.0,1.0,11,0,2020-08-06
El Dorado,724.0,1.0,21,0,2020-08-07
El Dorado,734.0,1.0,10,0,2020-08-08
El Dorado,748.0,1.0,14,0,2020-08-09
El Dorado,771.0,2.0,23,1,2020-08-10
El Dorado,786.0,2.0,15,0,2020-08-11
El Dorado,794.0,2.0,8,0,2020-08-12
El Dorado,803.0,2.0,9,0,2020-08-13
El Dorado,827.0,2.0,24,0,2020-08-14
El Dorado,838.0,2.0,11,0,2020-08-15
El Dorado,843.0,2.0,5,0,2020-08-16
El Dorado,846.0,2.0,3,0,2020-08-17
El Dorado,866.0,2.0,20,0,2020-08-18
El Dorado,870.0,2.0,4,0,2020-08-19
El Dorado,881.0,2.0,11,0,2020-08-20
El Dorado,885.0,2.0,4,0,2020-08-21
El Dorado,900.0,2.0,15,0,2020-08-22
El Dorado,901.0,2.0,1,0,2020-08-23
El Dorado,908.0,2.0,7,0,2020-08-24
El Dorado,928.0,2.0,20,0,2020-08-25
El Dorado,938.0,2.0,10,0,2020-08-26
El Dorado,942.0,2.0,4,0,2020-08-27
El Dorado,949.0,2.0,7,0,2020-08-28
El Dorado,958.0,2.0,9,0,2020-08-29
El Dorado,962.0,2.0,4,0,2020-08-30
El Dorado,965.0,2.0,3,0,2020-08-31
El Dorado,972.0,2.0,7,0,2020-09-01
El Dorado,975.0,2.0,3,0,2020-09-02
El Dorado,983.0,2.0,8,0,2020-09-03
El Dorado,992.0,2.0,9,0,2020-09-04
El Dorado,1007.0,2.0,15,0,2020-09-05
El Dorado,1008.0,2.0,1,0,2020-09-06
El Dorado,1011.0,2.0,3,0,2020-09-07
El Dorado,1011.0,2.0,0,0,2020-09-08
El Dorado,1020.0,2.0,9,0,2020-09-09
El Dorado,1020.0,2.0,0,0,2020-09-10
El Dorado,1024.0,2.0,4,0,2020-09-11
El Dorado,1034.0,2.0,10,0,2020-09-12
El Dorado,1035.0,2.0,1,0,2020-09-13
El Dorado,1039.0,3.0,4,1,2020-09-14
El Dorado,1046.0,4.0,7,1,2020-09-15
El Dorado,1049.0,4.0,3,0,2020-09-16
El Dorado,1057.0,4.0,8,0,2020-09-17
El Dorado,1063.0,4.0,6,0,2020-09-18
El Dorado,1068.0,4.0,5,0,2020-09-19
El Dorado,1073.0,4.0,5,0,2020-09-20
El Dorado,1074.0,4.0,1,0,2020-09-21
El Dorado,1076.0,4.0,2,0,2020-09-22
El Dorado,1088.0,4.0,12,0,2020-09-23
El Dorado,1093.0,4.0,5,0,2020-09-24
El Dorado,1104.0,4.0,11,0,2020-09-25
El Dorado,1127.0,4.0,23,0,2020-09-26
El Dorado,1130.0,4.0,3,0,2020-09-27
El Dorado,1144.0,4.0,14,0,2020-09-28
El Dorado,1151.0,4.0,7,0,2020-09-29
El Dorado,1157.0,4.0,6,0,2020-09-30
El Dorado,1162.0,4.0,5,0,2020-10-01
El Dorado,1168.0,4.0,6,0,2020-10-02
El Dorado,1188.0,4.0,20,0,2020-10-03
El Dorado,1196.0,4.0,8,0,2020-10-04
El Dorado,1202.0,4.0,6,0,2020-10-05
El Dorado,1211.0,4.0,9,0,2020-10-06
El Dorado,1219.0,4.0,8,0,2020-10-07
El Dorado,1230.0,4.0,11,0,2020-10-08
El Dorado,1234.0,4.0,4,0,2020-10-09
El Dorado,1240.0,4.0,6,0,2020-10-10
El Dorado,1242.0,4.0,2,0,2020-10-11
El Dorado,1254.0,4.0,12,0,2020-10-12
El Dorado,1262.0,4.0,8,0,2020-10-13
El Dorado,1264.0,4.0,2,0,2020-10-14
El Dorado,1265.0,4.0,1,0,2020-10-15
El Dorado,1273.0,4.0,8,0,2020-10-16
El Dorado,1277.0,4.0,4,0,2020-10-17
El Dorado,1283.0,4.0,6,0,2020-10-18
El Dorado,1287.0,4.0,4,0,2020-10-19
El Dorado,1295.0,4.0,8,0,2020-10-20
El Dorado,1305.0,4.0,10,0,2020-10-21
El Dorado,1308.0,4.0,3,0,2020-10-22
El Dorado,1310.0,4.0,2,0,2020-10-23
El Dorado,1317.0,4.0,7,0,2020-10-24
El Dorado,1328.0,4.0,11,0,2020-10-25
El Dorado,1336.0,4.0,8,0,2020-10-26
El Dorado,1351.0,4.0,15,0,2020-10-27
El Dorado,1363.0,4.0,12,0,2020-10-28
El Dorado,1370.0,4.0,7,0,2020-10-29
El Dorado,1386.0,4.0,16,0,2020-10-30
El Dorado,1390.0,4.0,4,0,2020-10-31
El Dorado,1394.0,4.0,4,0,2020-11-01
El Dorado,1405.0,4.0,11,0,2020-11-02
El Dorado,1445.0,4.0,40,0,2020-11-03
El Dorado,1448.0,4.0,3,0,2020-11-04
El Dorado,1466.0,4.0,18,0,2020-11-05
El Dorado,1475.0,4.0,9,0,2020-11-06
El Dorado,1495.0,4.0,20,0,2020-11-07
El Dorado,1502.0,4.0,7,0,2020-11-08
El Dorado,1515.0,4.0,13,0,2020-11-09
El Dorado,1551.0,4.0,36,0,2020-11-10
El Dorado,1564.0,4.0,13,0,2020-11-11
El Dorado,1573.0,4.0,9,0,2020-11-12
El Dorado,1611.0,4.0,38,0,2020-11-13
El Dorado,1648.0,4.0,37,0,2020-11-14
El Dorado,1683.0,4.0,35,0,2020-11-15
El Dorado,1694.0,4.0,11,0,2020-11-16
El Dorado,1758.0,4.0,64,0,2020-11-17
El Dorado,1799.0,4.0,41,0,2020-11-18
El Dorado,1825.0,4.0,26,0,2020-11-19
El Dorado,1868.0,4.0,43,0,2020-11-20
El Dorado,1900.0,4.0,32,0,2020-11-21
El Dorado,1917.0,4.0,17,0,2020-11-22
El Dorado,2005.0,4.0,88,0,2020-11-23
El Dorado,2005.0,4.0,0,0,2020-11-24
El Dorado,2154.0,4.0,149,0,2020-11-25
El Dorado,2217.0,4.0,63,0,2020-11-26
El Dorado,2238.0,4.0,21,0,2020-11-27
El Dorado,2415.0,4.0,177,0,2020-11-28
El Dorado,2447.0,4.0,32,0,2020-11-29
El Dorado,2488.0,4.0,41,0,2020-11-30
El Dorado,2542.0,4.0,54,0,2020-12-01
El Dorado,2638.0,4.0,96,0,2020-12-02
El Dorado,2740.0,5.0,102,1,2020-12-03
El Dorado,2933.0,5.0,193,0,2020-12-04
El Dorado,3061.0,8.0,128,3,2020-12-05
El Dorado,3086.0,8.0,25,0,2020-12-06
El Dorado,3275.0,8.0,189,0,2020-12-07
El Dorado,3296.0,8.0,21,0,2020-12-08
El Dorado,3449.0,8.0,153,0,2020-12-09
El Dorado,3557.0,8.0,108,0,2020-12-10
El Dorado,3669.0,8.0,112,0,2020-12-11
El Dorado,3706.0,8.0,37,0,2020-12-12
El Dorado,3770.0,8.0,64,0,2020-12-13
El Dorado,4018.0,8.0,248,0,2020-12-14
Sonoma,6.0,0.0,6,0,2020-03-18
Sonoma,8.0,0.0,2,0,2020-03-19
Sonoma,7.0,0.0,-1,0,2020-03-20
Sonoma,15.0,1.0,8,1,2020-03-21
Sonoma,18.0,1.0,3,0,2020-03-22
Sonoma,19.0,1.0,1,0,2020-03-23
Sonoma,27.0,1.0,8,0,2020-03-24
Sonoma,31.0,1.0,4,0,2020-03-25
Sonoma,33.0,1.0,2,0,2020-03-26
Sonoma,35.0,1.0,2,0,2020-03-27
Sonoma,35.0,1.0,0,0,2020-03-28
Sonoma,35.0,1.0,0,0,2020-03-29
Sonoma,57.0,1.0,22,0,2020-03-30
Sonoma,58.0,1.0,1,0,2020-03-31
Sonoma,60.0,1.0,2,0,2020-04-01
Sonoma,76.0,1.0,16,0,2020-04-02
Sonoma,84.0,1.0,8,0,2020-04-03
Sonoma,88.0,1.0,4,0,2020-04-04
Sonoma,88.0,1.0,0,0,2020-04-05
Sonoma,102.0,1.0,14,0,2020-04-06
Sonoma,102.0,1.0,0,0,2020-04-07
Sonoma,107.0,1.0,5,0,2020-04-08
Sonoma,113.0,1.0,6,0,2020-04-09
Sonoma,129.0,2.0,16,1,2020-04-10
Sonoma,131.0,2.0,2,0,2020-04-11
Sonoma,131.0,2.0,0,0,2020-04-12
Sonoma,133.0,2.0,2,0,2020-04-13
Sonoma,133.0,2.0,0,0,2020-04-14
Sonoma,140.0,2.0,7,0,2020-04-15
Sonoma,145.0,2.0,5,0,2020-04-16
Sonoma,167.0,2.0,22,0,2020-04-17
Sonoma,168.0,2.0,1,0,2020-04-18
Sonoma,172.0,2.0,4,0,2020-04-19
Sonoma,178.0,2.0,6,0,2020-04-20
Sonoma,182.0,2.0,4,0,2020-04-21
Sonoma,185.0,2.0,3,0,2020-04-22
Sonoma,187.0,2.0,2,0,2020-04-23
Sonoma,199.0,2.0,12,0,2020-04-24
Sonoma,199.0,2.0,0,0,2020-04-25
Sonoma,216.0,2.0,17,0,2020-04-26
Sonoma,220.0,2.0,4,0,2020-04-27
Sonoma,226.0,2.0,6,0,2020-04-28
Sonoma,230.0,2.0,4,0,2020-04-29
Sonoma,233.0,3.0,3,1,2020-04-30
Sonoma,242.0,3.0,9,0,2020-05-01
Sonoma,250.0,3.0,8,0,2020-05-02
Sonoma,254.0,4.0,4,1,2020-05-03
Sonoma,256.0,4.0,2,0,2020-05-04
Sonoma,263.0,4.0,7,0,2020-05-05
Sonoma,269.0,4.0,6,0,2020-05-06
Sonoma,282.0,4.0,13,0,2020-05-07
Sonoma,285.0,4.0,3,0,2020-05-08
Sonoma,288.0,4.0,3,0,2020-05-09
Sonoma,290.0,4.0,2,0,2020-05-10
Sonoma,303.0,5.0,13,1,2020-05-11
Sonoma,308.0,4.0,5,-1,2020-05-12
Sonoma,330.0,4.0,22,0,2020-05-13
Sonoma,333.0,4.0,3,0,2020-05-14
Sonoma,349.0,4.0,16,0,2020-05-15
Sonoma,356.0,4.0,7,0,2020-05-16
Sonoma,376.0,4.0,20,0,2020-05-17
Sonoma,387.0,4.0,11,0,2020-05-18
Sonoma,389.0,4.0,2,0,2020-05-19
Sonoma,411.0,4.0,22,0,2020-05-20
Sonoma,427.0,4.0,16,0,2020-05-21
Sonoma,444.0,4.0,17,0,2020-05-22
Sonoma,462.0,4.0,18,0,2020-05-23
Sonoma,485.0,4.0,23,0,2020-05-24
Sonoma,496.0,4.0,11,0,2020-05-25
Sonoma,509.0,4.0,13,0,2020-05-26
Sonoma,521.0,4.0,12,0,2020-05-27
Sonoma,529.0,4.0,8,0,2020-05-28
Sonoma,537.0,4.0,8,0,2020-05-29
Sonoma,551.0,4.0,14,0,2020-05-30
Sonoma,555.0,4.0,4,0,2020-05-31
Sonoma,565.0,4.0,10,0,2020-06-01
Sonoma,571.0,4.0,6,0,2020-06-02
Sonoma,578.0,4.0,7,0,2020-06-03
Sonoma,591.0,4.0,13,0,2020-06-04
Sonoma,618.0,4.0,27,0,2020-06-05
Sonoma,622.0,4.0,4,0,2020-06-06
Sonoma,639.0,4.0,17,0,2020-06-07
Sonoma,654.0,4.0,15,0,2020-06-08
Sonoma,661.0,4.0,7,0,2020-06-09
Sonoma,673.0,4.0,12,0,2020-06-10
Sonoma,682.0,4.0,9,0,2020-06-11
Sonoma,696.0,4.0,14,0,2020-06-12
Sonoma,711.0,4.0,15,0,2020-06-13
Sonoma,724.0,4.0,13,0,2020-06-14
Sonoma,726.0,4.0,2,0,2020-06-15
Sonoma,739.0,4.0,13,0,2020-06-16
Sonoma,748.0,4.0,9,0,2020-06-17
Sonoma,789.0,4.0,41,0,2020-06-18
Sonoma,803.0,4.0,14,0,2020-06-19
Sonoma,806.0,4.0,3,0,2020-06-20
Sonoma,836.0,4.0,30,0,2020-06-21
Sonoma,860.0,5.0,24,1,2020-06-22
Sonoma,912.0,5.0,52,0,2020-06-23
Sonoma,933.0,5.0,21,0,2020-06-24
Sonoma,956.0,5.0,23,0,2020-06-25
Sonoma,981.0,5.0,25,0,2020-06-26
Sonoma,1009.0,5.0,28,0,2020-06-27
Sonoma,1098.0,5.0,89,0,2020-06-28
Sonoma,1135.0,5.0,37,0,2020-06-29
Sonoma,1159.0,7.0,24,2,2020-06-30
Sonoma,1192.0,7.0,33,0,2020-07-01
Sonoma,1244.0,9.0,52,2,2020-07-02
Sonoma,1282.0,10.0,38,1,2020-07-03
Sonoma,1370.0,11.0,88,1,2020-07-04
Sonoma,1369.0,11.0,-1,0,2020-07-05
Sonoma,1369.0,11.0,0,0,2020-07-06
Sonoma,1473.0,12.0,104,1,2020-07-07
Sonoma,1495.0,14.0,22,2,2020-07-08
Sonoma,1584.0,14.0,89,0,2020-07-09
Sonoma,1606.0,14.0,22,0,2020-07-10
Sonoma,1690.0,14.0,84,0,2020-07-11
Sonoma,1743.0,16.0,53,2,2020-07-12
Sonoma,1818.0,16.0,75,0,2020-07-13
Sonoma,1866.0,16.0,48,0,2020-07-14
Sonoma,1920.0,16.0,54,0,2020-07-15
Sonoma,1954.0,16.0,34,0,2020-07-16
Sonoma,1982.0,19.0,28,3,2020-07-17
Sonoma,2019.0,19.0,37,0,2020-07-18
Sonoma,2074.0,19.0,55,0,2020-07-19
Sonoma,2148.0,20.0,74,1,2020-07-20
Sonoma,2200.0,20.0,52,0,2020-07-21
Sonoma,2255.0,22.0,55,2,2020-07-22
Sonoma,2289.0,22.0,34,0,2020-07-23
Sonoma,2345.0,24.0,56,2,2020-07-24
Sonoma,2412.0,24.0,67,0,2020-07-25
Sonoma,2503.0,24.0,91,0,2020-07-26
Sonoma,2504.0,24.0,1,0,2020-07-27
Sonoma,2553.0,24.0,49,0,2020-07-28
Sonoma,2598.0,31.0,45,7,2020-07-29
Sonoma,2684.0,31.0,86,0,2020-07-30
Sonoma,2745.0,32.0,61,1,2020-07-31
Sonoma,2890.0,37.0,145,5,2020-08-01
Sonoma,3005.0,37.0,115,0,2020-08-02
Sonoma,3079.0,39.0,74,2,2020-08-03
Sonoma,3108.0,39.0,29,0,2020-08-04
Sonoma,3173.0,42.0,65,3,2020-08-05
Sonoma,3259.0,42.0,86,0,2020-08-06
Sonoma,3329.0,44.0,70,2,2020-08-07
Sonoma,3399.0,47.0,70,3,2020-08-08
Sonoma,3531.0,47.0,132,0,2020-08-09
Sonoma,3640.0,47.0,109,0,2020-08-10
Sonoma,3752.0,50.0,112,3,2020-08-11
Sonoma,3847.0,51.0,95,1,2020-08-12
Sonoma,3902.0,51.0,55,0,2020-08-13
Sonoma,4087.0,51.0,185,0,2020-08-14
Sonoma,4134.0,51.0,47,0,2020-08-15
Sonoma,4329.0,54.0,195,3,2020-08-16
Sonoma,4402.0,57.0,73,3,2020-08-17
Sonoma,4506.0,57.0,104,0,2020-08-18
Sonoma,4614.0,65.0,108,8,2020-08-19
Sonoma,4737.0,65.0,123,0,2020-08-20
Sonoma,4816.0,70.0,79,5,2020-08-21
Sonoma,4891.0,70.0,75,0,2020-08-22
Sonoma,5018.0,72.0,127,2,2020-08-23
Sonoma,5071.0,72.0,53,0,2020-08-24
Sonoma,5148.0,73.0,77,1,2020-08-25
Sonoma,5283.0,75.0,135,2,2020-08-26
Sonoma,5357.0,75.0,74,0,2020-08-27
Sonoma,5425.0,78.0,68,3,2020-08-28
Sonoma,5537.0,78.0,112,0,2020-08-29
Sonoma,5590.0,78.0,53,0,2020-08-30
Sonoma,5650.0,80.0,60,2,2020-08-31
Sonoma,5733.0,80.0,83,0,2020-09-01
Sonoma,5846.0,83.0,113,3,2020-09-02
Sonoma,5997.0,89.0,151,6,2020-09-03
Sonoma,6050.0,93.0,53,4,2020-09-04
Sonoma,6149.0,93.0,99,0,2020-09-05
Sonoma,6212.0,93.0,63,0,2020-09-06
Sonoma,6268.0,93.0,56,0,2020-09-07
Sonoma,6356.0,93.0,88,0,2020-09-08
Sonoma,6397.0,98.0,41,5,2020-09-09
Sonoma,6424.0,98.0,27,0,2020-09-10
Sonoma,6469.0,98.0,45,0,2020-09-11
Sonoma,6531.0,108.0,62,10,2020-09-12
Sonoma,6592.0,108.0,61,0,2020-09-13
Sonoma,6630.0,108.0,38,0,2020-09-14
Sonoma,6701.0,110.0,71,2,2020-09-15
Sonoma,6731.0,110.0,30,0,2020-09-16
Sonoma,6754.0,114.0,23,4,2020-09-17
Sonoma,6856.0,114.0,102,0,2020-09-18
Sonoma,6905.0,114.0,49,0,2020-09-19
Sonoma,6954.0,114.0,49,0,2020-09-20
Sonoma,7017.0,114.0,63,0,2020-09-21
Sonoma,7068.0,114.0,51,0,2020-09-22
Sonoma,7091.0,120.0,23,6,2020-09-23
Sonoma,7163.0,120.0,72,0,2020-09-24
Sonoma,7202.0,120.0,39,0,2020-09-25
Sonoma,7285.0,120.0,83,0,2020-09-26
Sonoma,7336.0,122.0,51,2,2020-09-27
Sonoma,7369.0,122.0,33,0,2020-09-28
Sonoma,7426.0,122.0,57,0,2020-09-29
Sonoma,7494.0,122.0,68,0,2020-09-30
Sonoma,7569.0,122.0,75,0,2020-10-01
Sonoma,7662.0,122.0,93,0,2020-10-02
Sonoma,7747.0,122.0,85,0,2020-10-03
Sonoma,7794.0,122.0,47,0,2020-10-04
Sonoma,7817.0,122.0,23,0,2020-10-05
Sonoma,7895.0,122.0,78,0,2020-10-06
Sonoma,7993.0,122.0,98,0,2020-10-07
Sonoma,8063.0,126.0,70,4,2020-10-08
Sonoma,8133.0,126.0,70,0,2020-10-09
Sonoma,8235.0,126.0,102,0,2020-10-10
Sonoma,8319.0,126.0,84,0,2020-10-11
Sonoma,8377.0,128.0,58,2,2020-10-12
Sonoma,8456.0,128.0,79,0,2020-10-13
Sonoma,8514.0,128.0,58,0,2020-10-14
Sonoma,8571.0,128.0,57,0,2020-10-15
Sonoma,8652.0,128.0,81,0,2020-10-16
Sonoma,8725.0,129.0,73,1,2020-10-17
Sonoma,8781.0,129.0,56,0,2020-10-18
Sonoma,8830.0,129.0,49,0,2020-10-19
Sonoma,8904.0,129.0,74,0,2020-10-20
Sonoma,8987.0,134.0,83,5,2020-10-21
Sonoma,9052.0,134.0,65,0,2020-10-22
Sonoma,9112.0,134.0,60,0,2020-10-23
Sonoma,9179.0,134.0,67,0,2020-10-24
Sonoma,9235.0,134.0,56,0,2020-10-25
Sonoma,9315.0,136.0,80,2,2020-10-26
Sonoma,9389.0,136.0,74,0,2020-10-27
Sonoma,9457.0,136.0,68,0,2020-10-28
Sonoma,9533.0,136.0,76,0,2020-10-29
Sonoma,9602.0,136.0,69,0,2020-10-30
Sonoma,9648.0,136.0,46,0,2020-10-31
Sonoma,9688.0,136.0,40,0,2020-11-01
Sonoma,9796.0,136.0,108,0,2020-11-02
Sonoma,9906.0,142.0,110,6,2020-11-03
Sonoma,9965.0,142.0,59,0,2020-11-04
Sonoma,10064.0,142.0,99,0,2020-11-05
Sonoma,10142.0,146.0,78,4,2020-11-06
Sonoma,10188.0,146.0,46,0,2020-11-07
Sonoma,10229.0,146.0,41,0,2020-11-08
Sonoma,10310.0,146.0,81,0,2020-11-09
Sonoma,10414.0,146.0,104,0,2020-11-10
Sonoma,10498.0,149.0,84,3,2020-11-11
Sonoma,10602.0,149.0,104,0,2020-11-12
Sonoma,10685.0,149.0,83,0,2020-11-13
Sonoma,10769.0,149.0,84,0,2020-11-14
Sonoma,10833.0,149.0,64,0,2020-11-15
Sonoma,10961.0,149.0,128,0,2020-11-16
Sonoma,11084.0,150.0,123,1,2020-11-17
Sonoma,11129.0,150.0,45,0,2020-11-18
Sonoma,11205.0,150.0,76,0,2020-11-19
Sonoma,11316.0,150.0,111,0,2020-11-20
Sonoma,11394.0,155.0,78,5,2020-11-21
Sonoma,11415.0,155.0,21,0,2020-11-22
Sonoma,11507.0,155.0,92,0,2020-11-23
Sonoma,11644.0,155.0,137,0,2020-11-24
Sonoma,11775.0,155.0,131,0,2020-11-25
Sonoma,11922.0,157.0,147,2,2020-11-26
Sonoma,11924.0,157.0,2,0,2020-11-27
Sonoma,12008.0,157.0,84,0,2020-11-28
Sonoma,12052.0,157.0,44,0,2020-11-29
Sonoma,12232.0,157.0,180,0,2020-11-30
Sonoma,12491.0,157.0,259,0,2020-12-01
Sonoma,12635.0,160.0,144,3,2020-12-02
Sonoma,12772.0,160.0,137,0,2020-12-03
Sonoma,12962.0,160.0,190,0,2020-12-04
Sonoma,13137.0,160.0,175,0,2020-12-05
Sonoma,13238.0,160.0,101,0,2020-12-06
Sonoma,13376.0,160.0,138,0,2020-12-07
Sonoma,13601.0,160.0,225,0,2020-12-08
Sonoma,13994.0,160.0,393,0,2020-12-09
Sonoma,14282.0,162.0,288,2,2020-12-10
Sonoma,14298.0,162.0,16,0,2020-12-11
Sonoma,14466.0,162.0,168,0,2020-12-12
Sonoma,14495.0,162.0,29,0,2020-12-13
Sonoma,14807.0,162.0,312,0,2020-12-14
Shasta,1.0,0.0,1,0,2020-03-18
Shasta,1.0,0.0,0,0,2020-03-19
Shasta,1.0,0.0,0,0,2020-03-20
Shasta,1.0,0.0,0,0,2020-03-21
Shasta,1.0,0.0,0,0,2020-03-22
Shasta,2.0,0.0,1,0,2020-03-23
Shasta,3.0,0.0,1,0,2020-03-24
Shasta,3.0,1.0,0,1,2020-03-25
Shasta,3.0,1.0,0,0,2020-03-26
Shasta,3.0,1.0,0,0,2020-03-27
Shasta,4.0,1.0,1,0,2020-03-28
Shasta,4.0,1.0,0,0,2020-03-29
Shasta,4.0,1.0,0,0,2020-03-30
Shasta,5.0,1.0,1,0,2020-03-31
Shasta,5.0,1.0,0,0,2020-04-01
Shasta,7.0,1.0,2,0,2020-04-02
Shasta,10.0,1.0,3,0,2020-04-03
Shasta,11.0,2.0,1,1,2020-04-04
Shasta,11.0,2.0,0,0,2020-04-05
Shasta,16.0,3.0,5,1,2020-04-06
Shasta,16.0,3.0,0,0,2020-04-07
Shasta,18.0,3.0,2,0,2020-04-08
Shasta,22.0,3.0,4,0,2020-04-09
Shasta,24.0,3.0,2,0,2020-04-10
Shasta,24.0,3.0,0,0,2020-04-11
Shasta,24.0,3.0,0,0,2020-04-12
Shasta,24.0,3.0,0,0,2020-04-13
Shasta,24.0,3.0,0,0,2020-04-14
Shasta,25.0,3.0,1,0,2020-04-15
Shasta,25.0,3.0,0,0,2020-04-16
Shasta,26.0,3.0,1,0,2020-04-17
Shasta,26.0,3.0,0,0,2020-04-18
Shasta,26.0,3.0,0,0,2020-04-19
Shasta,26.0,3.0,0,0,2020-04-20
Shasta,26.0,3.0,0,0,2020-04-21
Shasta,26.0,3.0,0,0,2020-04-22
Shasta,27.0,3.0,1,0,2020-04-23
Shasta,28.0,4.0,1,1,2020-04-24
Shasta,29.0,4.0,1,0,2020-04-25
Shasta,29.0,4.0,0,0,2020-04-26
Shasta,29.0,4.0,0,0,2020-04-27
Shasta,29.0,4.0,0,0,2020-04-28
Shasta,31.0,4.0,2,0,2020-04-29
Shasta,31.0,4.0,0,0,2020-04-30
Shasta,31.0,4.0,0,0,2020-05-01
Shasta,31.0,4.0,0,0,2020-05-02
Shasta,31.0,4.0,0,0,2020-05-03
Shasta,31.0,4.0,0,0,2020-05-04
Shasta,31.0,4.0,0,0,2020-05-05
Shasta,31.0,4.0,0,0,2020-05-06
Shasta,31.0,4.0,0,0,2020-05-07
Shasta,31.0,4.0,0,0,2020-05-08
Shasta,31.0,4.0,0,0,2020-05-09
Shasta,31.0,4.0,0,0,2020-05-10
Shasta,31.0,4.0,0,0,2020-05-11
Shasta,33.0,4.0,2,0,2020-05-12
Shasta,32.0,4.0,-1,0,2020-05-13
Shasta,33.0,4.0,1,0,2020-05-14
Shasta,33.0,4.0,0,0,2020-05-15
Shasta,33.0,4.0,0,0,2020-05-16
Shasta,34.0,4.0,1,0,2020-05-17
Shasta,34.0,4.0,0,0,2020-05-18
Shasta,34.0,4.0,0,0,2020-05-19
Shasta,34.0,4.0,0,0,2020-05-20
Shasta,34.0,4.0,0,0,2020-05-21
Shasta,34.0,4.0,0,0,2020-05-22
Shasta,35.0,4.0,1,0,2020-05-23
Shasta,36.0,4.0,1,0,2020-05-24
Shasta,36.0,4.0,0,0,2020-05-25
Shasta,36.0,4.0,0,0,2020-05-26
Shasta,36.0,4.0,0,0,2020-05-27
Shasta,36.0,4.0,0,0,2020-05-28
Shasta,36.0,4.0,0,0,2020-05-29
Shasta,36.0,4.0,0,0,2020-05-30
Shasta,38.0,4.0,2,0,2020-05-31
Shasta,38.0,4.0,0,0,2020-06-01
Shasta,38.0,4.0,0,0,2020-06-02
Shasta,40.0,4.0,2,0,2020-06-03
Shasta,40.0,4.0,0,0,2020-06-04
Shasta,40.0,4.0,0,0,2020-06-05
Shasta,40.0,4.0,0,0,2020-06-06
Shasta,41.0,4.0,1,0,2020-06-07
Shasta,43.0,4.0,2,0,2020-06-08
Shasta,44.0,4.0,1,0,2020-06-09
Shasta,45.0,4.0,1,0,2020-06-10
Shasta,47.0,5.0,2,1,2020-06-11
Shasta,48.0,5.0,1,0,2020-06-12
Shasta,48.0,5.0,0,0,2020-06-13
Shasta,48.0,5.0,0,0,2020-06-14
Shasta,50.0,4.0,2,-1,2020-06-15
Shasta,51.0,4.0,1,0,2020-06-16
Shasta,51.0,4.0,0,0,2020-06-17
Shasta,51.0,4.0,0,0,2020-06-18
Shasta,58.0,4.0,7,0,2020-06-19
Shasta,66.0,5.0,8,1,2020-06-20
Shasta,75.0,5.0,9,0,2020-06-21
Shasta,77.0,5.0,2,0,2020-06-22
Shasta,81.0,5.0,4,0,2020-06-23
Shasta,83.0,5.0,2,0,2020-06-24
Shasta,84.0,5.0,1,0,2020-06-25
Shasta,86.0,5.0,2,0,2020-06-26
Shasta,87.0,5.0,1,0,2020-06-27
Shasta,91.0,5.0,4,0,2020-06-28
Shasta,99.0,5.0,8,0,2020-06-29
Shasta,103.0,5.0,4,0,2020-06-30
Shasta,105.0,5.0,2,0,2020-07-01
Shasta,110.0,5.0,5,0,2020-07-02
Shasta,113.0,5.0,3,0,2020-07-03
Shasta,135.0,5.0,22,0,2020-07-04
Shasta,138.0,5.0,3,0,2020-07-05
Shasta,143.0,5.0,5,0,2020-07-06
Shasta,144.0,5.0,1,0,2020-07-07
Shasta,148.0,5.0,4,0,2020-07-08
Shasta,155.0,6.0,7,1,2020-07-09
Shasta,158.0,6.0,3,0,2020-07-10
Shasta,168.0,6.0,10,0,2020-07-11
Shasta,173.0,6.0,5,0,2020-07-12
Shasta,185.0,6.0,12,0,2020-07-13
Shasta,190.0,6.0,5,0,2020-07-14
Shasta,193.0,6.0,3,0,2020-07-15
Shasta,208.0,6.0,15,0,2020-07-16
Shasta,213.0,7.0,5,1,2020-07-17
Shasta,216.0,7.0,3,0,2020-07-18
Shasta,218.0,7.0,2,0,2020-07-19
Shasta,233.0,7.0,15,0,2020-07-20
Shasta,241.0,7.0,8,0,2020-07-21
Shasta,246.0,7.0,5,0,2020-07-22
Shasta,254.0,7.0,8,0,2020-07-23
Shasta,262.0,8.0,8,1,2020-07-24
Shasta,263.0,8.0,1,0,2020-07-25
Shasta,265.0,8.0,2,0,2020-07-26
Shasta,275.0,8.0,10,0,2020-07-27
Shasta,275.0,8.0,0,0,2020-07-28
Shasta,297.0,8.0,22,0,2020-07-29
Shasta,306.0,8.0,9,0,2020-07-30
Shasta,305.0,9.0,-1,1,2020-07-31
Shasta,312.0,9.0,7,0,2020-08-01
Shasta,318.0,9.0,6,0,2020-08-02
Shasta,322.0,9.0,4,0,2020-08-03
Shasta,335.0,9.0,13,0,2020-08-04
Shasta,338.0,9.0,3,0,2020-08-05
Shasta,343.0,9.0,5,0,2020-08-06
Shasta,342.0,9.0,-1,0,2020-08-07
Shasta,343.0,9.0,1,0,2020-08-08
Shasta,361.0,9.0,18,0,2020-08-09
Shasta,384.0,10.0,23,1,2020-08-10
Shasta,416.0,10.0,32,0,2020-08-11
Shasta,417.0,10.0,1,0,2020-08-12
Shasta,428.0,10.0,11,0,2020-08-13
Shasta,446.0,10.0,18,0,2020-08-14
Shasta,458.0,10.0,12,0,2020-08-15
Shasta,465.0,10.0,7,0,2020-08-16
Shasta,467.0,10.0,2,0,2020-08-17
Shasta,468.0,11.0,1,1,2020-08-18
Shasta,475.0,11.0,7,0,2020-08-19
Shasta,478.0,11.0,3,0,2020-08-20
Shasta,486.0,11.0,8,0,2020-08-21
Shasta,493.0,11.0,7,0,2020-08-22
Shasta,501.0,11.0,8,0,2020-08-23
Shasta,505.0,11.0,4,0,2020-08-24
Shasta,511.0,11.0,6,0,2020-08-25
Shasta,511.0,11.0,0,0,2020-08-26
Shasta,512.0,12.0,1,1,2020-08-27
Shasta,516.0,12.0,4,0,2020-08-28
Shasta,522.0,12.0,6,0,2020-08-29
Shasta,525.0,12.0,3,0,2020-08-30
Shasta,528.0,12.0,3,0,2020-08-31
Shasta,527.0,12.0,-1,0,2020-09-01
Shasta,531.0,12.0,4,0,2020-09-02
Shasta,535.0,12.0,4,0,2020-09-03
Shasta,536.0,12.0,1,0,2020-09-04
Shasta,544.0,12.0,8,0,2020-09-05
Shasta,550.0,12.0,6,0,2020-09-06
Shasta,556.0,12.0,6,0,2020-09-07
Shasta,556.0,12.0,0,0,2020-09-08
Shasta,562.0,12.0,6,0,2020-09-09
Shasta,566.0,12.0,4,0,2020-09-10
Shasta,568.0,12.0,2,0,2020-09-11
Shasta,569.0,12.0,1,0,2020-09-12
Shasta,583.0,12.0,14,0,2020-09-13
Shasta,584.0,12.0,1,0,2020-09-14
Shasta,627.0,12.0,43,0,2020-09-15
Shasta,635.0,12.0,8,0,2020-09-16
Shasta,660.0,14.0,25,2,2020-09-17
Shasta,668.0,14.0,8,0,2020-09-18
Shasta,687.0,14.0,19,0,2020-09-19
Shasta,696.0,14.0,9,0,2020-09-20
Shasta,696.0,14.0,0,0,2020-09-21
Shasta,723.0,14.0,27,0,2020-09-22
Shasta,756.0,14.0,33,0,2020-09-23
Shasta,773.0,16.0,17,2,2020-09-24
Shasta,806.0,17.0,33,1,2020-09-25
Shasta,856.0,17.0,50,0,2020-09-26
Shasta,883.0,17.0,27,0,2020-09-27
Shasta,883.0,17.0,0,0,2020-09-28
Shasta,943.0,20.0,60,3,2020-09-29
Shasta,976.0,20.0,33,0,2020-09-30
Shasta,991.0,20.0,15,0,2020-10-01
Shasta,1046.0,22.0,55,2,2020-10-02
Shasta,1117.0,22.0,71,0,2020-10-03
Shasta,1158.0,22.0,41,0,2020-10-04
Shasta,1158.0,22.0,0,0,2020-10-05
Shasta,1242.0,22.0,84,0,2020-10-06
Shasta,1268.0,22.0,26,0,2020-10-07
Shasta,1305.0,24.0,37,2,2020-10-08
Shasta,1353.0,24.0,48,0,2020-10-09
Shasta,1473.0,24.0,120,0,2020-10-10
Shasta,1515.0,24.0,42,0,2020-10-11
Shasta,1515.0,24.0,0,0,2020-10-12
Shasta,1606.0,25.0,91,1,2020-10-13
Shasta,1553.0,25.0,-53,0,2020-10-14
Shasta,1635.0,28.0,82,3,2020-10-15
Shasta,1660.0,29.0,25,1,2020-10-16
Shasta,1679.0,29.0,19,0,2020-10-17
Shasta,1708.0,29.0,29,0,2020-10-18
Shasta,1709.0,29.0,1,0,2020-10-19
Shasta,1747.0,29.0,38,0,2020-10-20
Shasta,1777.0,29.0,30,0,2020-10-21
Shasta,1799.0,30.0,22,1,2020-10-22
Shasta,1846.0,30.0,47,0,2020-10-23
Shasta,1878.0,30.0,32,0,2020-10-24
Shasta,1889.0,30.0,11,0,2020-10-25
Shasta,1889.0,30.0,0,0,2020-10-26
Shasta,1962.0,31.0,73,1,2020-10-27
Shasta,1996.0,31.0,34,0,2020-10-28
Shasta,2008.0,31.0,12,0,2020-10-29
Shasta,2048.0,31.0,40,0,2020-10-30
Shasta,2122.0,31.0,74,0,2020-10-31
Shasta,2172.0,31.0,50,0,2020-11-01
Shasta,2174.0,31.0,2,0,2020-11-02
Shasta,2288.0,32.0,114,1,2020-11-03
Shasta,2321.0,33.0,33,1,2020-11-04
Shasta,2401.0,33.0,80,0,2020-11-05
Shasta,2475.0,34.0,74,1,2020-11-06
Shasta,2520.0,34.0,45,0,2020-11-07
Shasta,2582.0,34.0,62,0,2020-11-08
Shasta,2581.0,34.0,-1,0,2020-11-09
Shasta,2686.0,34.0,105,0,2020-11-10
Shasta,2766.0,34.0,80,0,2020-11-11
Shasta,2825.0,36.0,59,2,2020-11-12
Shasta,2983.0,36.0,158,0,2020-11-13
Shasta,3195.0,36.0,212,0,2020-11-14
Shasta,3290.0,36.0,95,0,2020-11-15
Shasta,3284.0,36.0,-6,0,2020-11-16
Shasta,3457.0,36.0,173,0,2020-11-17
Shasta,3547.0,36.0,90,0,2020-11-18
Shasta,3685.0,37.0,138,1,2020-11-19
Shasta,3861.0,42.0,176,5,2020-11-20
Shasta,4095.0,42.0,234,0,2020-11-21
Shasta,4100.0,42.0,5,0,2020-11-22
Shasta,4100.0,42.0,0,0,2020-11-23
Shasta,4410.0,43.0,310,1,2020-11-24
Shasta,4588.0,47.0,178,4,2020-11-25
Shasta,4712.0,47.0,124,0,2020-11-26
Shasta,4710.0,47.0,-2,0,2020-11-27
Shasta,4882.0,47.0,172,0,2020-11-28
Shasta,4935.0,47.0,53,0,2020-11-29
Shasta,4933.0,47.0,-2,0,2020-11-30
Shasta,5077.0,50.0,144,3,2020-12-01
Shasta,5188.0,50.0,111,0,2020-12-02
Shasta,5330.0,52.0,142,2,2020-12-03
Shasta,5439.0,53.0,109,1,2020-12-04
Shasta,5653.0,53.0,214,0,2020-12-05
Shasta,5743.0,53.0,90,0,2020-12-06
Shasta,5742.0,53.0,-1,0,2020-12-07
Shasta,5946.0,54.0,204,1,2020-12-08
Shasta,6105.0,54.0,159,0,2020-12-09
Shasta,6312.0,58.0,207,4,2020-12-10
Shasta,6459.0,58.0,147,0,2020-12-11
Shasta,6551.0,58.0,92,0,2020-12-12
Shasta,6647.0,58.0,96,0,2020-12-13
Shasta,6665.0,59.0,18,1,2020-12-14
Lassen,0.0,0.0,0,0,2020-03-18
Lassen,0.0,0.0,0,0,2020-03-19
Lassen,0.0,0.0,0,0,2020-03-20
Lassen,0.0,0.0,0,0,2020-03-21
Lassen,0.0,0.0,0,0,2020-03-22
Lassen,0.0,0.0,0,0,2020-03-23
Lassen,0.0,0.0,0,0,2020-03-24
Lassen,0.0,0.0,0,0,2020-03-25
Lassen,0.0,0.0,0,0,2020-03-26
Lassen,0.0,0.0,0,0,2020-03-27
Lassen,0.0,0.0,0,0,2020-03-28
Lassen,0.0,0.0,0,0,2020-03-29
Lassen,0.0,0.0,0,0,2020-03-30
Lassen,0.0,0.0,0,0,2020-03-31
Lassen,0.0,0.0,0,0,2020-04-01
Lassen,0.0,0.0,0,0,2020-04-02
Lassen,0.0,0.0,0,0,2020-04-03
Lassen,0.0,0.0,0,0,2020-04-04
Lassen,0.0,0.0,0,0,2020-04-05
Lassen,0.0,0.0,0,0,2020-04-06
Lassen,0.0,0.0,0,0,2020-04-07
Lassen,0.0,0.0,0,0,2020-04-08
Lassen,0.0,0.0,0,0,2020-04-09
Lassen,0.0,0.0,0,0,2020-04-10
Lassen,0.0,0.0,0,0,2020-04-11
Lassen,0.0,0.0,0,0,2020-04-12
Lassen,0.0,0.0,0,0,2020-04-13
Lassen,0.0,0.0,0,0,2020-04-14
Lassen,0.0,0.0,0,0,2020-04-15
Lassen,0.0,0.0,0,0,2020-04-16
Lassen,0.0,0.0,0,0,2020-04-17
Lassen,0.0,0.0,0,0,2020-04-18
Lassen,0.0,0.0,0,0,2020-04-19
Lassen,0.0,0.0,0,0,2020-04-20
Lassen,0.0,0.0,0,0,2020-04-21
Lassen,0.0,0.0,0,0,2020-04-22
Lassen,0.0,0.0,0,0,2020-04-23
Lassen,0.0,0.0,0,0,2020-04-24
Lassen,0.0,0.0,0,0,2020-04-25
Lassen,0.0,0.0,0,0,2020-04-26
Lassen,0.0,0.0,0,0,2020-04-27
Lassen,0.0,0.0,0,0,2020-04-28
Lassen,0.0,0.0,0,0,2020-04-29
Lassen,0.0,0.0,0,0,2020-04-30
Lassen,0.0,0.0,0,0,2020-05-01
Lassen,0.0,0.0,0,0,2020-05-02
Lassen,0.0,0.0,0,0,2020-05-03
Lassen,0.0,0.0,0,0,2020-05-04
Lassen,0.0,0.0,0,0,2020-05-05
Lassen,0.0,0.0,0,0,2020-05-06
Lassen,0.0,0.0,0,0,2020-05-07
Lassen,0.0,0.0,0,0,2020-05-08
Lassen,0.0,0.0,0,0,2020-05-09
Lassen,0.0,0.0,0,0,2020-05-10
Lassen,0.0,0.0,0,0,2020-05-11
Lassen,0.0,0.0,0,0,2020-05-12
Lassen,0.0,0.0,0,0,2020-05-13
Lassen,0.0,0.0,0,0,2020-05-14
Lassen,0.0,0.0,0,0,2020-05-15
Lassen,0.0,0.0,0,0,2020-05-16
Lassen,0.0,0.0,0,0,2020-05-17
Lassen,0.0,0.0,0,0,2020-05-18
Lassen,0.0,0.0,0,0,2020-05-19
Lassen,0.0,0.0,0,0,2020-05-20
Lassen,0.0,0.0,0,0,2020-05-21
Lassen,0.0,0.0,0,0,2020-05-22
Lassen,0.0,0.0,0,0,2020-05-23
Lassen,0.0,0.0,0,0,2020-05-24
Lassen,0.0,0.0,0,0,2020-05-25
Lassen,0.0,0.0,0,0,2020-05-26
Lassen,0.0,0.0,0,0,2020-05-27
Lassen,0.0,0.0,0,0,2020-05-28
Lassen,0.0,0.0,0,0,2020-05-29
Lassen,4.0,0.0,4,0,2020-05-30
Lassen,4.0,0.0,0,0,2020-05-31
Lassen,4.0,0.0,0,0,2020-06-01
Lassen,4.0,0.0,0,0,2020-06-02
Lassen,4.0,0.0,0,0,2020-06-03
Lassen,4.0,0.0,0,0,2020-06-04
Lassen,4.0,0.0,0,0,2020-06-05
Lassen,4.0,0.0,0,0,2020-06-06
Lassen,4.0,0.0,0,0,2020-06-07
Lassen,4.0,0.0,0,0,2020-06-08
Lassen,5.0,0.0,1,0,2020-06-09
Lassen,5.0,0.0,0,0,2020-06-10
Lassen,5.0,0.0,0,0,2020-06-11
Lassen,5.0,0.0,0,0,2020-06-12
Lassen,5.0,0.0,0,0,2020-06-13
Lassen,5.0,0.0,0,0,2020-06-14
Lassen,5.0,0.0,0,0,2020-06-15
Lassen,5.0,0.0,0,0,2020-06-16
Lassen,5.0,0.0,0,0,2020-06-17
Lassen,5.0,0.0,0,0,2020-06-18
Lassen,7.0,0.0,2,0,2020-06-19
Lassen,7.0,0.0,0,0,2020-06-20
Lassen,7.0,0.0,0,0,2020-06-21
Lassen,7.0,0.0,0,0,2020-06-22
Lassen,9.0,0.0,2,0,2020-06-23
Lassen,9.0,0.0,0,0,2020-06-24
Lassen,15.0,0.0,6,0,2020-06-25
Lassen,36.0,0.0,21,0,2020-06-26
Lassen,45.0,0.0,9,0,2020-06-27
Lassen,118.0,0.0,73,0,2020-06-28
Lassen,157.0,0.0,39,0,2020-06-29
Lassen,216.0,0.0,59,0,2020-06-30
Lassen,217.0,0.0,1,0,2020-07-01
Lassen,218.0,0.0,1,0,2020-07-02
Lassen,219.0,0.0,1,0,2020-07-03
Lassen,219.0,0.0,0,0,2020-07-04
Lassen,219.0,0.0,0,0,2020-07-05
Lassen,219.0,0.0,0,0,2020-07-06
Lassen,219.0,0.0,0,0,2020-07-07
Lassen,221.0,0.0,2,0,2020-07-08
Lassen,221.0,0.0,0,0,2020-07-09
Lassen,235.0,0.0,14,0,2020-07-10
Lassen,237.0,0.0,2,0,2020-07-11
Lassen,237.0,0.0,0,0,2020-07-12
Lassen,237.0,0.0,0,0,2020-07-13
Lassen,263.0,0.0,26,0,2020-07-14
Lassen,319.0,0.0,56,0,2020-07-15
Lassen,355.0,0.0,36,0,2020-07-16
Lassen,391.0,0.0,36,0,2020-07-17
Lassen,474.0,0.0,83,0,2020-07-18
Lassen,474.0,0.0,0,0,2020-07-19
Lassen,474.0,0.0,0,0,2020-07-20
Lassen,474.0,0.0,0,0,2020-07-21
Lassen,500.0,0.0,26,0,2020-07-22
Lassen,503.0,0.0,3,0,2020-07-23
Lassen,503.0,0.0,0,0,2020-07-24
Lassen,503.0,0.0,0,0,2020-07-25
Lassen,503.0,0.0,0,0,2020-07-26
Lassen,503.0,0.0,0,0,2020-07-27
Lassen,508.0,0.0,5,0,2020-07-28
Lassen,513.0,0.0,5,0,2020-07-29
Lassen,544.0,0.0,31,0,2020-07-30
Lassen,544.0,0.0,0,0,2020-07-31
Lassen,555.0,0.0,11,0,2020-08-01
Lassen,555.0,0.0,0,0,2020-08-02
Lassen,555.0,0.0,0,0,2020-08-03
Lassen,556.0,0.0,1,0,2020-08-04
Lassen,557.0,0.0,1,0,2020-08-05
Lassen,588.0,0.0,31,0,2020-08-06
Lassen,588.0,0.0,0,0,2020-08-07
Lassen,589.0,0.0,1,0,2020-08-08
Lassen,589.0,0.0,0,0,2020-08-09
Lassen,588.0,0.0,-1,0,2020-08-10
Lassen,605.0,0.0,17,0,2020-08-11
Lassen,651.0,0.0,46,0,2020-08-12
Lassen,652.0,0.0,1,0,2020-08-13
Lassen,665.0,0.0,13,0,2020-08-14
Lassen,666.0,0.0,1,0,2020-08-15
Lassen,666.0,0.0,0,0,2020-08-16
Lassen,666.0,0.0,0,0,2020-08-17
Lassen,693.0,0.0,27,0,2020-08-18
Lassen,693.0,0.0,0,0,2020-08-19
Lassen,693.0,0.0,0,0,2020-08-20
Lassen,693.0,0.0,0,0,2020-08-21
Lassen,693.0,0.0,0,0,2020-08-22
Lassen,693.0,0.0,0,0,2020-08-23
Lassen,693.0,0.0,0,0,2020-08-24
Lassen,692.0,0.0,-1,0,2020-08-25
Lassen,702.0,0.0,10,0,2020-08-26
Lassen,703.0,0.0,1,0,2020-08-27
Lassen,704.0,0.0,1,0,2020-08-28
Lassen,706.0,0.0,2,0,2020-08-29
Lassen,706.0,0.0,0,0,2020-08-30
Lassen,706.0,0.0,0,0,2020-08-31
Lassen,706.0,0.0,0,0,2020-09-01
Lassen,706.0,0.0,0,0,2020-09-02
Lassen,707.0,0.0,1,0,2020-09-03
Lassen,708.0,0.0,1,0,2020-09-04
Lassen,709.0,0.0,1,0,2020-09-05
Lassen,709.0,0.0,0,0,2020-09-06
Lassen,709.0,0.0,0,0,2020-09-07
Lassen,710.0,0.0,1,0,2020-09-08
Lassen,714.0,0.0,4,0,2020-09-09
Lassen,716.0,0.0,2,0,2020-09-10
Lassen,719.0,0.0,3,0,2020-09-11
Lassen,719.0,0.0,0,0,2020-09-12
Lassen,719.0,0.0,0,0,2020-09-13
Lassen,719.0,0.0,0,0,2020-09-14
Lassen,719.0,0.0,0,0,2020-09-15
Lassen,730.0,0.0,11,0,2020-09-16
Lassen,731.0,0.0,1,0,2020-09-17
Lassen,731.0,0.0,0,0,2020-09-18
Lassen,731.0,0.0,0,0,2020-09-19
Lassen,735.0,0.0,4,0,2020-09-20
Lassen,735.0,0.0,0,0,2020-09-21
Lassen,736.0,0.0,1,0,2020-09-22
Lassen,736.0,0.0,0,0,2020-09-23
Lassen,737.0,0.0,1,0,2020-09-24
Lassen,737.0,0.0,0,0,2020-09-25
Lassen,737.0,0.0,0,0,2020-09-26
Lassen,737.0,0.0,0,0,2020-09-27
Lassen,737.0,0.0,0,0,2020-09-28
Lassen,741.0,0.0,4,0,2020-09-29
Lassen,742.0,0.0,1,0,2020-09-30
Lassen,742.0,0.0,0,0,2020-10-01
Lassen,742.0,0.0,0,0,2020-10-02
Lassen,743.0,0.0,1,0,2020-10-03
Lassen,743.0,0.0,0,0,2020-10-04
Lassen,743.0,0.0,0,0,2020-10-05
Lassen,743.0,0.0,0,0,2020-10-06
Lassen,751.0,0.0,8,0,2020-10-07
Lassen,751.0,0.0,0,0,2020-10-08
Lassen,751.0,0.0,0,0,2020-10-09
Lassen,752.0,0.0,1,0,2020-10-10
Lassen,752.0,1.0,0,1,2020-10-11
Lassen,752.0,1.0,0,0,2020-10-12
Lassen,752.0,1.0,0,0,2020-10-13
Lassen,752.0,1.0,0,0,2020-10-14
Lassen,752.0,1.0,0,0,2020-10-15
Lassen,757.0,1.0,5,0,2020-10-16
Lassen,757.0,1.0,0,0,2020-10-17
Lassen,757.0,1.0,0,0,2020-10-18
Lassen,757.0,1.0,0,0,2020-10-19
Lassen,757.0,1.0,0,0,2020-10-20
Lassen,764.0,1.0,7,0,2020-10-21
Lassen,764.0,1.0,0,0,2020-10-22
Lassen,764.0,1.0,0,0,2020-10-23
Lassen,764.0,1.0,0,0,2020-10-24
Lassen,764.0,1.0,0,0,2020-10-25
Lassen,764.0,1.0,0,0,2020-10-26
Lassen,764.0,1.0,0,0,2020-10-27
Lassen,771.0,1.0,7,0,2020-10-28
Lassen,772.0,1.0,1,0,2020-10-29
Lassen,777.0,1.0,5,0,2020-10-30
Lassen,782.0,1.0,5,0,2020-10-31
Lassen,782.0,1.0,0,0,2020-11-01
Lassen,782.0,1.0,0,0,2020-11-02
Lassen,782.0,1.0,0,0,2020-11-03
Lassen,781.0,1.0,-1,0,2020-11-04
Lassen,782.0,1.0,1,0,2020-11-05
Lassen,794.0,1.0,12,0,2020-11-06
Lassen,799.0,1.0,5,0,2020-11-07
Lassen,799.0,1.0,0,0,2020-11-08
Lassen,799.0,1.0,0,0,2020-11-09
Lassen,830.0,1.0,31,0,2020-11-10
Lassen,831.0,1.0,1,0,2020-11-11
Lassen,832.0,1.0,1,0,2020-11-12
Lassen,832.0,1.0,0,0,2020-11-13
Lassen,833.0,1.0,1,0,2020-11-14
Lassen,1124.0,1.0,291,0,2020-11-15
Lassen,1124.0,1.0,0,0,2020-11-16
Lassen,1124.0,2.0,0,1,2020-11-17
Lassen,1124.0,2.0,0,0,2020-11-18
Lassen,1201.0,2.0,77,0,2020-11-19
Lassen,1212.0,2.0,11,0,2020-11-20
Lassen,1211.0,2.0,-1,0,2020-11-21
Lassen,1211.0,2.0,0,0,2020-11-22
Lassen,1271.0,2.0,60,0,2020-11-23
Lassen,1657.0,2.0,386,0,2020-11-24
Lassen,1701.0,2.0,44,0,2020-11-25
Lassen,1714.0,2.0,13,0,2020-11-26
Lassen,1714.0,2.0,0,0,2020-11-27
Lassen,1714.0,2.0,0,0,2020-11-28
Lassen,1793.0,2.0,79,0,2020-11-29
Lassen,1793.0,2.0,0,0,2020-11-30
Lassen,2047.0,2.0,254,0,2020-12-01
Lassen,2115.0,2.0,68,0,2020-12-02
Lassen,2128.0,2.0,13,0,2020-12-03
Lassen,2167.0,2.0,39,0,2020-12-04
Lassen,2168.0,2.0,1,0,2020-12-05
Lassen,2168.0,2.0,0,0,2020-12-06
Lassen,2167.0,2.0,-1,0,2020-12-07
Lassen,2165.0,5.0,-2,3,2020-12-08
Lassen,2331.0,5.0,166,0,2020-12-09
Lassen,2764.0,5.0,433,0,2020-12-10
Lassen,2790.0,5.0,26,0,2020-12-11
Lassen,2866.0,5.0,76,0,2020-12-12
Lassen,2867.0,6.0,1,1,2020-12-13
Lassen,2905.0,6.0,38,0,2020-12-14
Colusa,0.0,0.0,0,0,2020-03-18
Colusa,0.0,0.0,0,0,2020-03-19
Colusa,0.0,0.0,0,0,2020-03-20
Colusa,0.0,0.0,0,0,2020-03-21
Colusa,0.0,0.0,0,0,2020-03-22
Colusa,0.0,0.0,0,0,2020-03-23
Colusa,0.0,0.0,0,0,2020-03-24
Colusa,0.0,0.0,0,0,2020-03-25
Colusa,0.0,0.0,0,0,2020-03-26
Colusa,0.0,0.0,0,0,2020-03-27
Colusa,1.0,0.0,1,0,2020-03-28
Colusa,1.0,0.0,0,0,2020-03-29
Colusa,1.0,0.0,0,0,2020-03-30
Colusa,1.0,0.0,0,0,2020-03-31
Colusa,1.0,0.0,0,0,2020-04-01
Colusa,1.0,0.0,0,0,2020-04-02
Colusa,1.0,0.0,0,0,2020-04-03
Colusa,1.0,0.0,0,0,2020-04-04
Colusa,1.0,0.0,0,0,2020-04-05
Colusa,1.0,0.0,0,0,2020-04-06
Colusa,2.0,0.0,1,0,2020-04-07
Colusa,3.0,0.0,1,0,2020-04-08
Colusa,3.0,0.0,0,0,2020-04-09
Colusa,3.0,0.0,0,0,2020-04-10
Colusa,3.0,0.0,0,0,2020-04-11
Colusa,3.0,0.0,0,0,2020-04-12
Colusa,3.0,0.0,0,0,2020-04-13
Colusa,3.0,0.0,0,0,2020-04-14
Colusa,3.0,0.0,0,0,2020-04-15
Colusa,3.0,0.0,0,0,2020-04-16
Colusa,3.0,0.0,0,0,2020-04-17
Colusa,3.0,0.0,0,0,2020-04-18
Colusa,3.0,0.0,0,0,2020-04-19
Colusa,3.0,0.0,0,0,2020-04-20
Colusa,3.0,0.0,0,0,2020-04-21
Colusa,3.0,0.0,0,0,2020-04-22
Colusa,3.0,0.0,0,0,2020-04-23
Colusa,3.0,0.0,0,0,2020-04-24
Colusa,3.0,0.0,0,0,2020-04-25
Colusa,3.0,0.0,0,0,2020-04-26
Colusa,3.0,0.0,0,0,2020-04-27
Colusa,3.0,0.0,0,0,2020-04-28
Colusa,3.0,0.0,0,0,2020-04-29
Colusa,3.0,0.0,0,0,2020-04-30
Colusa,3.0,0.0,0,0,2020-05-01
Colusa,3.0,0.0,0,0,2020-05-02
Colusa,3.0,0.0,0,0,2020-05-03
Colusa,3.0,0.0,0,0,2020-05-04
Colusa,3.0,0.0,0,0,2020-05-05
Colusa,3.0,0.0,0,0,2020-05-06
Colusa,3.0,0.0,0,0,2020-05-07
Colusa,3.0,0.0,0,0,2020-05-08
Colusa,3.0,0.0,0,0,2020-05-09
Colusa,3.0,0.0,0,0,2020-05-10
Colusa,3.0,0.0,0,0,2020-05-11
Colusa,3.0,0.0,0,0,2020-05-12
Colusa,3.0,0.0,0,0,2020-05-13
Colusa,3.0,0.0,0,0,2020-05-14
Colusa,3.0,0.0,0,0,2020-05-15
Colusa,3.0,0.0,0,0,2020-05-16
Colusa,3.0,0.0,0,0,2020-05-17
Colusa,3.0,0.0,0,0,2020-05-18
Colusa,3.0,0.0,0,0,2020-05-19
Colusa,3.0,0.0,0,0,2020-05-20
Colusa,4.0,0.0,1,0,2020-05-21
Colusa,4.0,0.0,0,0,2020-05-22
Colusa,4.0,0.0,0,0,2020-05-23
Colusa,4.0,0.0,0,0,2020-05-24
Colusa,4.0,0.0,0,0,2020-05-25
Colusa,4.0,0.0,0,0,2020-05-26
Colusa,5.0,0.0,1,0,2020-05-27
Colusa,5.0,0.0,0,0,2020-05-28
Colusa,5.0,0.0,0,0,2020-05-29
Colusa,5.0,0.0,0,0,2020-05-30
Colusa,5.0,0.0,0,0,2020-05-31
Colusa,7.0,0.0,2,0,2020-06-01
Colusa,7.0,0.0,0,0,2020-06-02
Colusa,7.0,0.0,0,0,2020-06-03
Colusa,7.0,0.0,0,0,2020-06-04
Colusa,7.0,0.0,0,0,2020-06-05
Colusa,7.0,0.0,0,0,2020-06-06
Colusa,7.0,0.0,0,0,2020-06-07
Colusa,7.0,0.0,0,0,2020-06-08
Colusa,7.0,0.0,0,0,2020-06-09
Colusa,7.0,0.0,0,0,2020-06-10
Colusa,7.0,0.0,0,0,2020-06-11
Colusa,7.0,0.0,0,0,2020-06-12
Colusa,7.0,0.0,0,0,2020-06-13
Colusa,7.0,0.0,0,0,2020-06-14
Colusa,7.0,0.0,0,0,2020-06-15
Colusa,7.0,0.0,0,0,2020-06-16
Colusa,7.0,0.0,0,0,2020-06-17
Colusa,7.0,0.0,0,0,2020-06-18
Colusa,7.0,0.0,0,0,2020-06-19
Colusa,7.0,0.0,0,0,2020-06-20
Colusa,7.0,0.0,0,0,2020-06-21
Colusa,7.0,0.0,0,0,2020-06-22
Colusa,7.0,0.0,0,0,2020-06-23
Colusa,11.0,0.0,4,0,2020-06-24
Colusa,15.0,0.0,4,0,2020-06-25
Colusa,19.0,0.0,4,0,2020-06-26
Colusa,20.0,0.0,1,0,2020-06-27
Colusa,24.0,0.0,4,0,2020-06-28
Colusa,33.0,0.0,9,0,2020-06-29
Colusa,46.0,0.0,13,0,2020-06-30
Colusa,53.0,0.0,7,0,2020-07-01
Colusa,60.0,0.0,7,0,2020-07-02
Colusa,70.0,0.0,10,0,2020-07-03
Colusa,76.0,0.0,6,0,2020-07-04
Colusa,79.0,0.0,3,0,2020-07-05
Colusa,80.0,0.0,1,0,2020-07-06
Colusa,84.0,0.0,4,0,2020-07-07
Colusa,90.0,0.0,6,0,2020-07-08
Colusa,97.0,0.0,7,0,2020-07-09
Colusa,103.0,0.0,6,0,2020-07-10
Colusa,110.0,0.0,7,0,2020-07-11
Colusa,116.0,0.0,6,0,2020-07-12
Colusa,116.0,0.0,0,0,2020-07-13
Colusa,128.0,0.0,12,0,2020-07-14
Colusa,135.0,0.0,7,0,2020-07-15
Colusa,140.0,0.0,5,0,2020-07-16
Colusa,146.0,0.0,6,0,2020-07-17
Colusa,182.0,0.0,36,0,2020-07-18
Colusa,187.0,0.0,5,0,2020-07-19
Colusa,217.0,0.0,30,0,2020-07-20
Colusa,227.0,0.0,10,0,2020-07-21
Colusa,236.0,0.0,9,0,2020-07-22
Colusa,242.0,2.0,6,2,2020-07-23
Colusa,255.0,2.0,13,0,2020-07-24
Colusa,265.0,2.0,10,0,2020-07-25
Colusa,270.0,2.0,5,0,2020-07-26
Colusa,271.0,2.0,1,0,2020-07-27
Colusa,290.0,2.0,19,0,2020-07-28
Colusa,302.0,3.0,12,1,2020-07-29
Colusa,315.0,4.0,13,1,2020-07-30
Colusa,319.0,4.0,4,0,2020-07-31
Colusa,327.0,4.0,8,0,2020-08-01
Colusa,335.0,4.0,8,0,2020-08-02
Colusa,336.0,4.0,1,0,2020-08-03
Colusa,354.0,4.0,18,0,2020-08-04
Colusa,354.0,4.0,0,0,2020-08-05
Colusa,358.0,4.0,4,0,2020-08-06
Colusa,358.0,4.0,0,0,2020-08-07
Colusa,368.0,4.0,10,0,2020-08-08
Colusa,371.0,4.0,3,0,2020-08-09
Colusa,387.0,4.0,16,0,2020-08-10
Colusa,390.0,5.0,3,1,2020-08-11
Colusa,394.0,5.0,4,0,2020-08-12
Colusa,395.0,5.0,1,0,2020-08-13
Colusa,399.0,5.0,4,0,2020-08-14
Colusa,401.0,5.0,2,0,2020-08-15
Colusa,407.0,5.0,6,0,2020-08-16
Colusa,408.0,5.0,1,0,2020-08-17
Colusa,415.0,5.0,7,0,2020-08-18
Colusa,415.0,5.0,0,0,2020-08-19
Colusa,415.0,5.0,0,0,2020-08-20
Colusa,418.0,5.0,3,0,2020-08-21
Colusa,419.0,5.0,1,0,2020-08-22
Colusa,424.0,5.0,5,0,2020-08-23
Colusa,425.0,5.0,1,0,2020-08-24
Colusa,430.0,5.0,5,0,2020-08-25
Colusa,433.0,6.0,3,1,2020-08-26
Colusa,438.0,6.0,5,0,2020-08-27
Colusa,441.0,6.0,3,0,2020-08-28
Colusa,440.0,6.0,-1,0,2020-08-29
Colusa,440.0,6.0,0,0,2020-08-30
Colusa,443.0,6.0,3,0,2020-08-31
Colusa,454.0,6.0,11,0,2020-09-01
Colusa,460.0,6.0,6,0,2020-09-02
Colusa,464.0,6.0,4,0,2020-09-03
Colusa,467.0,6.0,3,0,2020-09-04
Colusa,472.0,6.0,5,0,2020-09-05
Colusa,475.0,6.0,3,0,2020-09-06
Colusa,475.0,6.0,0,0,2020-09-07
Colusa,475.0,6.0,0,0,2020-09-08
Colusa,479.0,6.0,4,0,2020-09-09
Colusa,482.0,6.0,3,0,2020-09-10
Colusa,484.0,6.0,2,0,2020-09-11
Colusa,486.0,6.0,2,0,2020-09-12
Colusa,486.0,6.0,0,0,2020-09-13
Colusa,486.0,6.0,0,0,2020-09-14
Colusa,497.0,6.0,11,0,2020-09-15
Colusa,497.0,6.0,0,0,2020-09-16
Colusa,499.0,6.0,2,0,2020-09-17
Colusa,504.0,6.0,5,0,2020-09-18
Colusa,507.0,6.0,3,0,2020-09-19
Colusa,510.0,6.0,3,0,2020-09-20
Colusa,517.0,6.0,7,0,2020-09-21
Colusa,518.0,6.0,1,0,2020-09-22
Colusa,521.0,6.0,3,0,2020-09-23
Colusa,523.0,6.0,2,0,2020-09-24
Colusa,528.0,6.0,5,0,2020-09-25
Colusa,529.0,6.0,1,0,2020-09-26
Colusa,531.0,6.0,2,0,2020-09-27
Colusa,531.0,6.0,0,0,2020-09-28
Colusa,534.0,6.0,3,0,2020-09-29
Colusa,534.0,6.0,0,0,2020-09-30
Colusa,536.0,6.0,2,0,2020-10-01
Colusa,537.0,6.0,1,0,2020-10-02
Colusa,537.0,6.0,0,0,2020-10-03
Colusa,537.0,6.0,0,0,2020-10-04
Colusa,537.0,6.0,0,0,2020-10-05
Colusa,538.0,6.0,1,0,2020-10-06
Colusa,539.0,6.0,1,0,2020-10-07
Colusa,539.0,6.0,0,0,2020-10-08
Colusa,541.0,6.0,2,0,2020-10-09
Colusa,541.0,6.0,0,0,2020-10-10
Colusa,541.0,6.0,0,0,2020-10-11
Colusa,541.0,6.0,0,0,2020-10-12
Colusa,541.0,6.0,0,0,2020-10-13
Colusa,543.0,6.0,2,0,2020-10-14
Colusa,543.0,6.0,0,0,2020-10-15
Colusa,544.0,6.0,1,0,2020-10-16
Colusa,544.0,6.0,0,0,2020-10-17
Colusa,544.0,6.0,0,0,2020-10-18
Colusa,544.0,6.0,0,0,2020-10-19
Colusa,546.0,6.0,2,0,2020-10-20
Colusa,546.0,6.0,0,0,2020-10-21
Colusa,547.0,6.0,1,0,2020-10-22
Colusa,547.0,6.0,0,0,2020-10-23
Colusa,548.0,6.0,1,0,2020-10-24
Colusa,548.0,6.0,0,0,2020-10-25
Colusa,548.0,6.0,0,0,2020-10-26
Colusa,549.0,6.0,1,0,2020-10-27
Colusa,551.0,6.0,2,0,2020-10-28
Colusa,552.0,6.0,1,0,2020-10-29
Colusa,554.0,6.0,2,0,2020-10-30
Colusa,555.0,6.0,1,0,2020-10-31
Colusa,567.0,6.0,12,0,2020-11-01
Colusa,571.0,6.0,4,0,2020-11-02
Colusa,572.0,6.0,1,0,2020-11-03
Colusa,571.0,6.0,-1,0,2020-11-04
Colusa,574.0,6.0,3,0,2020-11-05
Colusa,580.0,6.0,6,0,2020-11-06
Colusa,583.0,6.0,3,0,2020-11-07
Colusa,583.0,6.0,0,0,2020-11-08
Colusa,583.0,6.0,0,0,2020-11-09
Colusa,590.0,6.0,7,0,2020-11-10
Colusa,591.0,6.0,1,0,2020-11-11
Colusa,591.0,6.0,0,0,2020-11-12
Colusa,598.0,6.0,7,0,2020-11-13
Colusa,601.0,6.0,3,0,2020-11-14
Colusa,601.0,6.0,0,0,2020-11-15
Colusa,601.0,6.0,0,0,2020-11-16
Colusa,606.0,6.0,5,0,2020-11-17
Colusa,611.0,6.0,5,0,2020-11-18
Colusa,621.0,6.0,10,0,2020-11-19
Colusa,631.0,6.0,10,0,2020-11-20
Colusa,642.0,6.0,11,0,2020-11-21
Colusa,642.0,6.0,0,0,2020-11-22
Colusa,662.0,6.0,20,0,2020-11-23
Colusa,682.0,6.0,20,0,2020-11-24
Colusa,693.0,6.0,11,0,2020-11-25
Colusa,694.0,6.0,1,0,2020-11-26
Colusa,694.0,6.0,0,0,2020-11-27
Colusa,711.0,6.0,17,0,2020-11-28
Colusa,723.0,6.0,12,0,2020-11-29
Colusa,737.0,6.0,14,0,2020-11-30
Colusa,747.0,6.0,10,0,2020-12-01
Colusa,756.0,6.0,9,0,2020-12-02
Colusa,774.0,6.0,18,0,2020-12-03
Colusa,790.0,6.0,16,0,2020-12-04
Colusa,825.0,6.0,35,0,2020-12-05
Colusa,824.0,6.0,-1,0,2020-12-06
Colusa,825.0,7.0,1,1,2020-12-07
Colusa,875.0,7.0,50,0,2020-12-08
Colusa,896.0,7.0,21,0,2020-12-09
Colusa,909.0,7.0,13,0,2020-12-10
Colusa,923.0,8.0,14,1,2020-12-11
Colusa,945.0,8.0,22,0,2020-12-12
Colusa,945.0,8.0,0,0,2020-12-13
Colusa,949.0,8.0,4,0,2020-12-14
Lake,0.0,0.0,0,0,2020-03-18
Lake,0.0,0.0,0,0,2020-03-19
Lake,0.0,0.0,0,0,2020-03-20
Lake,0.0,0.0,0,0,2020-03-21
Lake,0.0,0.0,0,0,2020-03-22
Lake,0.0,0.0,0,0,2020-03-23
Lake,0.0,0.0,0,0,2020-03-24
Lake,0.0,0.0,0,0,2020-03-25
Lake,0.0,0.0,0,0,2020-03-26
Lake,0.0,0.0,0,0,2020-03-27
Lake,0.0,0.0,0,0,2020-03-28
Lake,,,0,0,2020-03-29
Lake,0.0,0.0,0,0,2020-03-31
Lake,0.0,0.0,0,0,2020-04-01
Lake,0.0,0.0,0,0,2020-04-02
Lake,0.0,0.0,0,0,2020-04-03
Lake,0.0,0.0,0,0,2020-04-04
Lake,0.0,0.0,0,0,2020-04-05
Lake,1.0,0.0,1,0,2020-04-06
Lake,1.0,0.0,0,0,2020-04-07
Lake,1.0,0.0,0,0,2020-04-08
Lake,1.0,0.0,0,0,2020-04-09
Lake,3.0,0.0,2,0,2020-04-10
Lake,3.0,0.0,0,0,2020-04-11
Lake,3.0,0.0,0,0,2020-04-12
Lake,3.0,0.0,0,0,2020-04-13
Lake,3.0,0.0,0,0,2020-04-14
Lake,4.0,0.0,1,0,2020-04-15
Lake,6.0,0.0,2,0,2020-04-16
Lake,6.0,0.0,0,0,2020-04-17
Lake,6.0,0.0,0,0,2020-04-18
Lake,6.0,0.0,0,0,2020-04-19
Lake,6.0,0.0,0,0,2020-04-20
Lake,6.0,0.0,0,0,2020-04-21
Lake,6.0,0.0,0,0,2020-04-22
Lake,6.0,0.0,0,0,2020-04-23
Lake,6.0,0.0,0,0,2020-04-24
Lake,6.0,0.0,0,0,2020-04-25
Lake,6.0,0.0,0,0,2020-04-26
Lake,6.0,0.0,0,0,2020-04-27
Lake,6.0,0.0,0,0,2020-04-28
Lake,6.0,0.0,0,0,2020-04-29
Lake,6.0,0.0,0,0,2020-04-30
Lake,6.0,0.0,0,0,2020-05-01
Lake,7.0,0.0,1,0,2020-05-02
Lake,7.0,0.0,0,0,2020-05-03
Lake,7.0,0.0,0,0,2020-05-04
Lake,7.0,0.0,0,0,2020-05-05
Lake,7.0,0.0,0,0,2020-05-06
Lake,7.0,0.0,0,0,2020-05-07
Lake,7.0,0.0,0,0,2020-05-08
Lake,7.0,0.0,0,0,2020-05-09
Lake,7.0,0.0,0,0,2020-05-10
Lake,7.0,0.0,0,0,2020-05-11
Lake,7.0,0.0,0,0,2020-05-12
Lake,7.0,0.0,0,0,2020-05-13
Lake,7.0,0.0,0,0,2020-05-14
Lake,7.0,0.0,0,0,2020-05-15
Lake,7.0,0.0,0,0,2020-05-16
Lake,7.0,0.0,0,0,2020-05-17
Lake,9.0,0.0,2,0,2020-05-18
Lake,11.0,0.0,2,0,2020-05-19
Lake,9.0,0.0,-2,0,2020-05-20
Lake,10.0,0.0,1,0,2020-05-21
Lake,10.0,0.0,0,0,2020-05-22
Lake,10.0,0.0,0,0,2020-05-23
Lake,12.0,0.0,2,0,2020-05-24
Lake,13.0,0.0,1,0,2020-05-25
Lake,12.0,0.0,-1,0,2020-05-26
Lake,13.0,0.0,1,0,2020-05-27
Lake,17.0,0.0,4,0,2020-05-28
Lake,17.0,0.0,0,0,2020-05-29
Lake,18.0,0.0,1,0,2020-05-30
Lake,19.0,0.0,1,0,2020-05-31
Lake,22.0,0.0,3,0,2020-06-01
Lake,25.0,0.0,3,0,2020-06-02
Lake,26.0,0.0,1,0,2020-06-03
Lake,27.0,0.0,1,0,2020-06-04
Lake,28.0,0.0,1,0,2020-06-05
Lake,28.0,0.0,0,0,2020-06-06
Lake,28.0,0.0,0,0,2020-06-07
Lake,28.0,0.0,0,0,2020-06-08
Lake,28.0,0.0,0,0,2020-06-09
Lake,28.0,0.0,0,0,2020-06-10
Lake,28.0,0.0,0,0,2020-06-11
Lake,29.0,0.0,1,0,2020-06-12
Lake,29.0,0.0,0,0,2020-06-13
Lake,31.0,0.0,2,0,2020-06-14
Lake,31.0,0.0,0,0,2020-06-15
Lake,31.0,0.0,0,0,2020-06-16
Lake,32.0,0.0,1,0,2020-06-17
Lake,36.0,0.0,4,0,2020-06-18
Lake,36.0,0.0,0,0,2020-06-19
Lake,37.0,0.0,1,0,2020-06-20
Lake,36.0,0.0,-1,0,2020-06-21
Lake,37.0,0.0,1,0,2020-06-22
Lake,40.0,0.0,3,0,2020-06-23
Lake,40.0,0.0,0,0,2020-06-24
Lake,43.0,0.0,3,0,2020-06-25
Lake,43.0,0.0,0,0,2020-06-26
Lake,43.0,0.0,0,0,2020-06-27
Lake,56.0,0.0,13,0,2020-06-28
Lake,62.0,0.0,6,0,2020-06-29
Lake,68.0,0.0,6,0,2020-06-30
Lake,76.0,0.0,8,0,2020-07-01
Lake,81.0,0.0,5,0,2020-07-02
Lake,83.0,0.0,2,0,2020-07-03
Lake,86.0,0.0,3,0,2020-07-04
Lake,92.0,0.0,6,0,2020-07-05
Lake,93.0,0.0,1,0,2020-07-06
Lake,94.0,0.0,1,0,2020-07-07
Lake,97.0,1.0,3,1,2020-07-08
Lake,99.0,1.0,2,0,2020-07-09
Lake,104.0,1.0,5,0,2020-07-10
Lake,110.0,1.0,6,0,2020-07-11
Lake,114.0,1.0,4,0,2020-07-12
Lake,118.0,1.0,4,0,2020-07-13
Lake,120.0,1.0,2,0,2020-07-14
Lake,122.0,1.0,2,0,2020-07-15
Lake,128.0,1.0,6,0,2020-07-16
Lake,139.0,1.0,11,0,2020-07-17
Lake,142.0,1.0,3,0,2020-07-18
Lake,144.0,1.0,2,0,2020-07-19
Lake,147.0,1.0,3,0,2020-07-20
Lake,157.0,1.0,10,0,2020-07-21
Lake,160.0,1.0,3,0,2020-07-22
Lake,160.0,1.0,0,0,2020-07-23
Lake,167.0,1.0,7,0,2020-07-24
Lake,173.0,1.0,6,0,2020-07-25
Lake,174.0,1.0,1,0,2020-07-26
Lake,176.0,1.0,2,0,2020-07-27
Lake,179.0,1.0,3,0,2020-07-28
Lake,179.0,1.0,0,0,2020-07-29
Lake,181.0,1.0,2,0,2020-07-30
Lake,191.0,1.0,10,0,2020-07-31
Lake,194.0,1.0,3,0,2020-08-01
Lake,201.0,1.0,7,0,2020-08-02
Lake,201.0,1.0,0,0,2020-08-03
Lake,206.0,1.0,5,0,2020-08-04
Lake,209.0,2.0,3,1,2020-08-05
Lake,209.0,2.0,0,0,2020-08-06
Lake,215.0,2.0,6,0,2020-08-07
Lake,221.0,2.0,6,0,2020-08-08
Lake,225.0,2.0,4,0,2020-08-09
Lake,239.0,2.0,14,0,2020-08-10
Lake,243.0,2.0,4,0,2020-08-11
Lake,253.0,2.0,10,0,2020-08-12
Lake,263.0,2.0,10,0,2020-08-13
Lake,267.0,2.0,4,0,2020-08-14
Lake,268.0,2.0,1,0,2020-08-15
Lake,269.0,2.0,1,0,2020-08-16
Lake,270.0,2.0,1,0,2020-08-17
Lake,274.0,2.0,4,0,2020-08-18
Lake,277.0,2.0,3,0,2020-08-19
Lake,280.0,3.0,3,1,2020-08-20
Lake,281.0,3.0,1,0,2020-08-21
Lake,291.0,3.0,10,0,2020-08-22
Lake,299.0,3.0,8,0,2020-08-23
Lake,302.0,3.0,3,0,2020-08-24
Lake,304.0,3.0,2,0,2020-08-25
Lake,308.0,3.0,4,0,2020-08-26
Lake,314.0,3.0,6,0,2020-08-27
Lake,320.0,3.0,6,0,2020-08-28
Lake,329.0,4.0,9,1,2020-08-29
Lake,334.0,4.0,5,0,2020-08-30
Lake,341.0,4.0,7,0,2020-08-31
Lake,341.0,5.0,0,1,2020-09-01
Lake,342.0,5.0,1,0,2020-09-02
Lake,347.0,5.0,5,0,2020-09-03
Lake,347.0,5.0,0,0,2020-09-04
Lake,359.0,5.0,12,0,2020-09-05
Lake,362.0,5.0,3,0,2020-09-06
Lake,367.0,5.0,5,0,2020-09-07
Lake,370.0,5.0,3,0,2020-09-08
Lake,371.0,6.0,1,1,2020-09-09
Lake,377.0,6.0,6,0,2020-09-10
Lake,382.0,7.0,5,1,2020-09-11
Lake,393.0,7.0,11,0,2020-09-12
Lake,397.0,7.0,4,0,2020-09-13
Lake,407.0,7.0,10,0,2020-09-14
Lake,416.0,7.0,9,0,2020-09-15
Lake,417.0,7.0,1,0,2020-09-16
Lake,433.0,10.0,16,3,2020-09-17
Lake,458.0,10.0,25,0,2020-09-18
Lake,465.0,10.0,7,0,2020-09-19
Lake,492.0,10.0,27,0,2020-09-20
Lake,508.0,11.0,16,1,2020-09-21
Lake,516.0,11.0,8,0,2020-09-22
Lake,519.0,11.0,3,0,2020-09-23
Lake,531.0,11.0,12,0,2020-09-24
Lake,539.0,11.0,8,0,2020-09-25
Lake,549.0,11.0,10,0,2020-09-26
Lake,555.0,11.0,6,0,2020-09-27
Lake,559.0,11.0,4,0,2020-09-28
Lake,566.0,11.0,7,0,2020-09-29
Lake,567.0,11.0,1,0,2020-09-30
Lake,572.0,11.0,5,0,2020-10-01
Lake,579.0,11.0,7,0,2020-10-02
Lake,588.0,11.0,9,0,2020-10-03
Lake,589.0,11.0,1,0,2020-10-04
Lake,592.0,12.0,3,1,2020-10-05
Lake,596.0,12.0,4,0,2020-10-06
Lake,599.0,12.0,3,0,2020-10-07
Lake,604.0,12.0,5,0,2020-10-08
Lake,610.0,13.0,6,1,2020-10-09
Lake,630.0,13.0,20,0,2020-10-10
Lake,631.0,13.0,1,0,2020-10-11
Lake,633.0,13.0,2,0,2020-10-12
Lake,639.0,14.0,6,1,2020-10-13
Lake,642.0,14.0,3,0,2020-10-14
Lake,642.0,14.0,0,0,2020-10-15
Lake,644.0,15.0,2,1,2020-10-16
Lake,663.0,15.0,19,0,2020-10-17
Lake,670.0,15.0,7,0,2020-10-18
Lake,673.0,15.0,3,0,2020-10-19
Lake,675.0,15.0,2,0,2020-10-20
Lake,676.0,15.0,1,0,2020-10-21
Lake,678.0,15.0,2,0,2020-10-22
Lake,689.0,15.0,11,0,2020-10-23
Lake,696.0,15.0,7,0,2020-10-24
Lake,695.0,15.0,-1,0,2020-10-25
Lake,697.0,16.0,2,1,2020-10-26
Lake,700.0,16.0,3,0,2020-10-27
Lake,700.0,16.0,0,0,2020-10-28
Lake,702.0,17.0,2,1,2020-10-29
Lake,720.0,17.0,18,0,2020-10-30
Lake,724.0,18.0,4,1,2020-10-31
Lake,727.0,18.0,3,0,2020-11-01
Lake,728.0,17.0,1,-1,2020-11-02
Lake,732.0,17.0,4,0,2020-11-03
Lake,735.0,17.0,3,0,2020-11-04
Lake,739.0,17.0,4,0,2020-11-05
Lake,741.0,17.0,2,0,2020-11-06
Lake,751.0,17.0,10,0,2020-11-07
Lake,754.0,17.0,3,0,2020-11-08
Lake,755.0,17.0,1,0,2020-11-09
Lake,762.0,17.0,7,0,2020-11-10
Lake,763.0,17.0,1,0,2020-11-11
Lake,764.0,17.0,1,0,2020-11-12
Lake,770.0,17.0,6,0,2020-11-13
Lake,773.0,17.0,3,0,2020-11-14
Lake,777.0,17.0,4,0,2020-11-15
Lake,784.0,18.0,7,1,2020-11-16
Lake,792.0,18.0,8,0,2020-11-17
Lake,802.0,18.0,10,0,2020-11-18
Lake,809.0,18.0,7,0,2020-11-19
Lake,820.0,18.0,11,0,2020-11-20
Lake,832.0,18.0,12,0,2020-11-21
Lake,834.0,18.0,2,0,2020-11-22
Lake,840.0,19.0,6,1,2020-11-23
Lake,872.0,19.0,32,0,2020-11-24
Lake,878.0,19.0,6,0,2020-11-25
Lake,890.0,19.0,12,0,2020-11-26
Lake,909.0,19.0,19,0,2020-11-27
Lake,920.0,19.0,11,0,2020-11-28
Lake,927.0,19.0,7,0,2020-11-29
Lake,939.0,20.0,12,1,2020-11-30
Lake,969.0,20.0,30,0,2020-12-01
Lake,971.0,21.0,2,1,2020-12-02
Lake,991.0,21.0,20,0,2020-12-03
Lake,1018.0,21.0,27,0,2020-12-04
Lake,1069.0,21.0,51,0,2020-12-05
Lake,1075.0,21.0,6,0,2020-12-06
Lake,1090.0,21.0,15,0,2020-12-07
Lake,1127.0,21.0,37,0,2020-12-08
Lake,1158.0,22.0,31,1,2020-12-09
Lake,1167.0,22.0,9,0,2020-12-10
Lake,1205.0,22.0,38,0,2020-12-11
Lake,1232.0,22.0,27,0,2020-12-12
Lake,1271.0,22.0,39,0,2020-12-13
Lake,1301.0,22.0,30,0,2020-12-14
Modoc,0.0,0.0,0,0,2020-04-03
Modoc,0.0,0.0,0,0,2020-04-04
Modoc,0.0,0.0,0,0,2020-04-05
Modoc,0.0,0.0,0,0,2020-04-06
Modoc,0.0,0.0,0,0,2020-04-07
Modoc,0.0,0.0,0,0,2020-04-08
Modoc,0.0,0.0,0,0,2020-04-09
Modoc,0.0,0.0,0,0,2020-04-10
Modoc,0.0,0.0,0,0,2020-04-11
Modoc,0.0,0.0,0,0,2020-04-12
Modoc,0.0,0.0,0,0,2020-04-13
Modoc,0.0,0.0,0,0,2020-04-14
Modoc,0.0,0.0,0,0,2020-04-15
Modoc,0.0,0.0,0,0,2020-04-16
Modoc,0.0,0.0,0,0,2020-04-17
Modoc,0.0,0.0,0,0,2020-04-18
Modoc,0.0,0.0,0,0,2020-04-19
Modoc,0.0,0.0,0,0,2020-04-20
Modoc,0.0,0.0,0,0,2020-04-21
Modoc,0.0,0.0,0,0,2020-04-22
Modoc,0.0,0.0,0,0,2020-04-23
Modoc,0.0,0.0,0,0,2020-04-24
Modoc,0.0,0.0,0,0,2020-04-25
Modoc,0.0,0.0,0,0,2020-04-26
Modoc,0.0,0.0,0,0,2020-04-27
Modoc,0.0,0.0,0,0,2020-04-28
Modoc,0.0,0.0,0,0,2020-04-29
Modoc,0.0,0.0,0,0,2020-04-30
Modoc,0.0,0.0,0,0,2020-05-01
Modoc,0.0,0.0,0,0,2020-05-02
Modoc,0.0,0.0,0,0,2020-05-03
Modoc,0.0,0.0,0,0,2020-05-04
Modoc,0.0,0.0,0,0,2020-05-05
Modoc,0.0,0.0,0,0,2020-05-06
Modoc,0.0,0.0,0,0,2020-05-07
Modoc,0.0,0.0,0,0,2020-05-08
Modoc,0.0,0.0,0,0,2020-05-09
Modoc,0.0,0.0,0,0,2020-05-10
Modoc,0.0,0.0,0,0,2020-05-11
Modoc,0.0,0.0,0,0,2020-05-12
Modoc,0.0,0.0,0,0,2020-05-13
Modoc,0.0,0.0,0,0,2020-05-14
Modoc,0.0,0.0,0,0,2020-05-15
Modoc,0.0,0.0,0,0,2020-05-16
Modoc,0.0,0.0,0,0,2020-05-17
Modoc,0.0,0.0,0,0,2020-05-18
Modoc,0.0,0.0,0,0,2020-05-19
Modoc,0.0,0.0,0,0,2020-05-20
Modoc,0.0,0.0,0,0,2020-05-21
Modoc,0.0,0.0,0,0,2020-05-22
Modoc,0.0,0.0,0,0,2020-05-23
Modoc,0.0,0.0,0,0,2020-05-24
Modoc,1.0,0.0,1,0,2020-05-25
Modoc,1.0,0.0,0,0,2020-05-26
Modoc,0.0,0.0,-1,0,2020-05-27
Modoc,0.0,0.0,0,0,2020-05-28
Modoc,0.0,0.0,0,0,2020-05-29
Modoc,0.0,0.0,0,0,2020-05-30
Modoc,0.0,0.0,0,0,2020-05-31
Modoc,0.0,0.0,0,0,2020-06-01
Modoc,0.0,0.0,0,0,2020-06-02
Modoc,0.0,0.0,0,0,2020-06-03
Modoc,0.0,0.0,0,0,2020-06-04
Modoc,0.0,0.0,0,0,2020-06-05
Modoc,0.0,0.0,0,0,2020-06-06
Modoc,0.0,0.0,0,0,2020-06-07
Modoc,0.0,0.0,0,0,2020-06-08
Modoc,0.0,0.0,0,0,2020-06-09
Modoc,0.0,0.0,0,0,2020-06-10
Modoc,0.0,0.0,0,0,2020-06-11
Modoc,0.0,0.0,0,0,2020-06-12
Modoc,0.0,0.0,0,0,2020-06-13
Modoc,0.0,0.0,0,0,2020-06-14
Modoc,0.0,0.0,0,0,2020-06-15
Modoc,0.0,0.0,0,0,2020-06-16
Modoc,0.0,0.0,0,0,2020-06-17
Modoc,0.0,0.0,0,0,2020-06-18
Modoc,0.0,0.0,0,0,2020-06-19
Modoc,0.0,0.0,0,0,2020-06-20
Modoc,0.0,0.0,0,0,2020-06-21
Modoc,0.0,0.0,0,0,2020-06-22
Modoc,0.0,0.0,0,0,2020-06-23
Modoc,0.0,0.0,0,0,2020-06-24
Modoc,0.0,0.0,0,0,2020-06-25
Modoc,0.0,0.0,0,0,2020-06-26
Modoc,0.0,0.0,0,0,2020-06-27
Modoc,0.0,0.0,0,0,2020-06-28
Modoc,0.0,0.0,0,0,2020-06-29
Modoc,0.0,0.0,0,0,2020-06-30
Modoc,0.0,0.0,0,0,2020-07-01
Modoc,0.0,0.0,0,0,2020-07-02
Modoc,0.0,0.0,0,0,2020-07-03
Modoc,0.0,0.0,0,0,2020-07-04
Modoc,0.0,0.0,0,0,2020-07-05
Modoc,0.0,0.0,0,0,2020-07-06
Modoc,0.0,0.0,0,0,2020-07-07
Modoc,0.0,0.0,0,0,2020-07-08
Modoc,0.0,0.0,0,0,2020-07-09
Modoc,0.0,0.0,0,0,2020-07-10
Modoc,0.0,0.0,0,0,2020-07-11
Modoc,0.0,0.0,0,0,2020-07-12
Modoc,0.0,0.0,0,0,2020-07-13
Modoc,0.0,0.0,0,0,2020-07-14
Modoc,0.0,0.0,0,0,2020-07-15
Modoc,0.0,0.0,0,0,2020-07-16
Modoc,0.0,0.0,0,0,2020-07-17
Modoc,0.0,0.0,0,0,2020-07-18
Modoc,0.0,0.0,0,0,2020-07-19
Modoc,0.0,0.0,0,0,2020-07-20
Modoc,0.0,0.0,0,0,2020-07-21
Modoc,0.0,0.0,0,0,2020-07-22
Modoc,0.0,0.0,0,0,2020-07-23
Modoc,0.0,0.0,0,0,2020-07-24
Modoc,0.0,0.0,0,0,2020-07-25
Modoc,0.0,0.0,0,0,2020-07-26
Modoc,0.0,0.0,0,0,2020-07-27
Modoc,0.0,0.0,0,0,2020-07-28
Modoc,0.0,0.0,0,0,2020-07-29
Modoc,0.0,0.0,0,0,2020-07-30
Modoc,0.0,0.0,0,0,2020-07-31
Modoc,2.0,0.0,2,0,2020-08-01
Modoc,2.0,0.0,0,0,2020-08-02
Modoc,2.0,0.0,0,0,2020-08-03
Modoc,3.0,0.0,1,0,2020-08-04
Modoc,3.0,0.0,0,0,2020-08-05
Modoc,4.0,0.0,1,0,2020-08-06
Modoc,4.0,0.0,0,0,2020-08-07
Modoc,4.0,0.0,0,0,2020-08-08
Modoc,4.0,0.0,0,0,2020-08-09
Modoc,5.0,0.0,1,0,2020-08-10
Modoc,5.0,0.0,0,0,2020-08-11
Modoc,5.0,0.0,0,0,2020-08-12
Modoc,5.0,0.0,0,0,2020-08-13
Modoc,5.0,0.0,0,0,2020-08-14
Modoc,5.0,0.0,0,0,2020-08-15
Modoc,5.0,0.0,0,0,2020-08-16
Modoc,5.0,0.0,0,0,2020-08-17
Modoc,5.0,0.0,0,0,2020-08-18
Modoc,5.0,0.0,0,0,2020-08-19
Modoc,5.0,0.0,0,0,2020-08-20
Modoc,5.0,0.0,0,0,2020-08-21
Modoc,5.0,0.0,0,0,2020-08-22
Modoc,5.0,0.0,0,0,2020-08-23
Modoc,5.0,0.0,0,0,2020-08-24
Modoc,5.0,0.0,0,0,2020-08-25
Modoc,5.0,0.0,0,0,2020-08-26
Modoc,5.0,0.0,0,0,2020-08-27
Modoc,6.0,0.0,1,0,2020-08-28
Modoc,9.0,0.0,3,0,2020-08-29
Modoc,10.0,0.0,1,0,2020-08-30
Modoc,10.0,0.0,0,0,2020-08-31
Modoc,10.0,0.0,0,0,2020-09-01
Modoc,11.0,0.0,1,0,2020-09-02
Modoc,14.0,0.0,3,0,2020-09-03
Modoc,15.0,0.0,1,0,2020-09-04
Modoc,19.0,0.0,4,0,2020-09-05
Modoc,20.0,0.0,1,0,2020-09-06
Modoc,20.0,0.0,0,0,2020-09-07
Modoc,20.0,0.0,0,0,2020-09-08
Modoc,20.0,0.0,0,0,2020-09-09
Modoc,21.0,0.0,1,0,2020-09-10
Modoc,21.0,0.0,0,0,2020-09-11
Modoc,21.0,0.0,0,0,2020-09-12
Modoc,21.0,0.0,0,0,2020-09-13
Modoc,21.0,0.0,0,0,2020-09-14
Modoc,21.0,0.0,0,0,2020-09-15
Modoc,22.0,0.0,1,0,2020-09-16
Modoc,22.0,0.0,0,0,2020-09-17
Modoc,22.0,0.0,0,0,2020-09-18
Modoc,22.0,0.0,0,0,2020-09-19
Modoc,22.0,0.0,0,0,2020-09-20
Modoc,22.0,0.0,0,0,2020-09-21
Modoc,24.0,0.0,2,0,2020-09-22
Modoc,24.0,0.0,0,0,2020-09-23
Modoc,24.0,0.0,0,0,2020-09-24
Modoc,26.0,0.0,2,0,2020-09-25
Modoc,26.0,0.0,0,0,2020-09-26
Modoc,26.0,0.0,0,0,2020-09-27
Modoc,26.0,0.0,0,0,2020-09-28
Modoc,26.0,0.0,0,0,2020-09-29
Modoc,26.0,0.0,0,0,2020-09-30
Modoc,26.0,0.0,0,0,2020-10-01
Modoc,26.0,0.0,0,0,2020-10-02
Modoc,26.0,0.0,0,0,2020-10-03
Modoc,26.0,0.0,0,0,2020-10-04
Modoc,26.0,0.0,0,0,2020-10-05
Modoc,26.0,0.0,0,0,2020-10-06
Modoc,27.0,0.0,1,0,2020-10-07
Modoc,27.0,0.0,0,0,2020-10-08
Modoc,27.0,0.0,0,0,2020-10-09
Modoc,27.0,0.0,0,0,2020-10-10
Modoc,27.0,0.0,0,0,2020-10-11
Modoc,27.0,0.0,0,0,2020-10-12
Modoc,28.0,0.0,1,0,2020-10-13
Modoc,27.0,0.0,-1,0,2020-10-14
Modoc,26.0,0.0,-1,0,2020-10-15
Modoc,26.0,0.0,0,0,2020-10-16
Modoc,26.0,0.0,0,0,2020-10-17
Modoc,26.0,0.0,0,0,2020-10-18
Modoc,26.0,0.0,0,0,2020-10-19
Modoc,26.0,0.0,0,0,2020-10-20
Modoc,26.0,0.0,0,0,2020-10-21
Modoc,26.0,0.0,0,0,2020-10-22
Modoc,28.0,0.0,2,0,2020-10-23
Modoc,28.0,0.0,0,0,2020-10-24
Modoc,28.0,0.0,0,0,2020-10-25
Modoc,28.0,0.0,0,0,2020-10-26
Modoc,31.0,0.0,3,0,2020-10-27
Modoc,31.0,0.0,0,0,2020-10-28
Modoc,31.0,0.0,0,0,2020-10-29
Modoc,34.0,0.0,3,0,2020-10-30
Modoc,34.0,0.0,0,0,2020-10-31
Modoc,45.0,0.0,11,0,2020-11-01
Modoc,45.0,0.0,0,0,2020-11-02
Modoc,47.0,0.0,2,0,2020-11-03
Modoc,47.0,0.0,0,0,2020-11-04
Modoc,47.0,0.0,0,0,2020-11-05
Modoc,48.0,0.0,1,0,2020-11-06
Modoc,51.0,0.0,3,0,2020-11-07
Modoc,54.0,0.0,3,0,2020-11-08
Modoc,54.0,0.0,0,0,2020-11-09
Modoc,61.0,0.0,7,0,2020-11-10
Modoc,62.0,0.0,1,0,2020-11-11
Modoc,63.0,0.0,1,0,2020-11-12
Modoc,63.0,0.0,0,0,2020-11-13
Modoc,64.0,0.0,1,0,2020-11-14
Modoc,68.0,0.0,4,0,2020-11-15
Modoc,71.0,0.0,3,0,2020-11-16
Modoc,71.0,0.0,0,0,2020-11-17
Modoc,77.0,0.0,6,0,2020-11-18
Modoc,82.0,0.0,5,0,2020-11-19
Modoc,83.0,0.0,1,0,2020-11-20
Modoc,87.0,0.0,4,0,2020-11-21
Modoc,87.0,0.0,0,0,2020-11-22
Modoc,91.0,0.0,4,0,2020-11-23
Modoc,91.0,0.0,0,0,2020-11-24
Modoc,96.0,0.0,5,0,2020-11-25
Modoc,100.0,0.0,4,0,2020-11-26
Modoc,100.0,0.0,0,0,2020-11-27
Modoc,103.0,0.0,3,0,2020-11-28
Modoc,105.0,0.0,2,0,2020-11-29
Modoc,113.0,0.0,8,0,2020-11-30
Modoc,113.0,0.0,0,0,2020-12-01
Modoc,113.0,0.0,0,0,2020-12-02
Modoc,114.0,0.0,1,0,2020-12-03
Modoc,115.0,0.0,1,0,2020-12-04
Modoc,118.0,0.0,3,0,2020-12-05
Modoc,125.0,0.0,7,0,2020-12-06
Modoc,128.0,0.0,3,0,2020-12-07
Modoc,138.0,0.0,10,0,2020-12-08
Modoc,146.0,0.0,8,0,2020-12-09
Modoc,165.0,0.0,19,0,2020-12-10
Modoc,168.0,0.0,3,0,2020-12-11
Modoc,169.0,0.0,1,0,2020-12-12
Modoc,179.0,0.0,10,0,2020-12-13
Modoc,180.0,0.0,1,0,2020-12-14
Tulare,3.0,0.0,3,0,2020-03-18
Tulare,3.0,0.0,0,0,2020-03-19
Tulare,4.0,0.0,1,0,2020-03-20
Tulare,5.0,0.0,1,0,2020-03-21
Tulare,5.0,0.0,0,0,2020-03-22
Tulare,9.0,0.0,4,0,2020-03-23
Tulare,10.0,0.0,1,0,2020-03-24
Tulare,11.0,0.0,1,0,2020-03-25
Tulare,15.0,0.0,4,0,2020-03-26
Tulare,15.0,0.0,0,0,2020-03-27
Tulare,23.0,0.0,8,0,2020-03-28
Tulare,24.0,1.0,1,1,2020-03-29
Tulare,40.0,1.0,16,0,2020-03-30
Tulare,42.0,1.0,2,0,2020-03-31
Tulare,43.0,1.0,1,0,2020-04-01
Tulare,64.0,1.0,21,0,2020-04-02
Tulare,73.0,3.0,9,2,2020-04-03
Tulare,79.0,4.0,6,1,2020-04-04
Tulare,81.0,4.0,2,0,2020-04-05
Tulare,126.0,5.0,45,1,2020-04-06
Tulare,144.0,5.0,18,0,2020-04-07
Tulare,145.0,6.0,1,1,2020-04-08
Tulare,147.0,9.0,2,3,2020-04-09
Tulare,163.0,11.0,16,2,2020-04-10
Tulare,168.0,11.0,5,0,2020-04-11
Tulare,166.0,11.0,-2,0,2020-04-12
Tulare,186.0,13.0,20,2,2020-04-13
Tulare,228.0,13.0,42,0,2020-04-14
Tulare,289.0,15.0,61,2,2020-04-15
Tulare,305.0,17.0,16,2,2020-04-16
Tulare,370.0,17.0,65,0,2020-04-17
Tulare,385.0,17.0,15,0,2020-04-18
Tulare,391.0,17.0,6,0,2020-04-19
Tulare,401.0,18.0,10,1,2020-04-20
Tulare,410.0,22.0,9,4,2020-04-21
Tulare,425.0,25.0,15,3,2020-04-22
Tulare,440.0,25.0,15,0,2020-04-23
Tulare,459.0,28.0,19,3,2020-04-24
Tulare,478.0,32.0,19,4,2020-04-25
Tulare,497.0,32.0,19,0,2020-04-26
Tulare,535.0,32.0,38,0,2020-04-27
Tulare,579.0,35.0,44,3,2020-04-28
Tulare,615.0,36.0,36,1,2020-04-29
Tulare,637.0,40.0,22,4,2020-04-30
Tulare,685.0,40.0,48,0,2020-05-01
Tulare,711.0,40.0,26,0,2020-05-02
Tulare,736.0,40.0,25,0,2020-05-03
Tulare,760.0,40.0,24,0,2020-05-04
Tulare,869.0,40.0,109,0,2020-05-05
Tulare,963.0,41.0,94,1,2020-05-06
Tulare,1001.0,43.0,38,2,2020-05-07
Tulare,1050.0,44.0,49,1,2020-05-08
Tulare,1083.0,47.0,33,3,2020-05-09
Tulare,1143.0,48.0,60,1,2020-05-10
Tulare,1203.0,50.0,60,2,2020-05-11
Tulare,1261.0,52.0,58,2,2020-05-12
Tulare,1283.0,54.0,22,2,2020-05-13
Tulare,1317.0,54.0,34,0,2020-05-14
Tulare,1356.0,64.0,39,10,2020-05-15
Tulare,1426.0,67.0,70,3,2020-05-16
Tulare,1430.0,67.0,4,0,2020-05-17
Tulare,1491.0,67.0,61,0,2020-05-18
Tulare,1551.0,71.0,60,4,2020-05-19
Tulare,1585.0,73.0,34,2,2020-05-20
Tulare,1606.0,74.0,21,1,2020-05-21
Tulare,1662.0,75.0,56,1,2020-05-22
Tulare,1682.0,75.0,20,0,2020-05-23
Tulare,1684.0,75.0,2,0,2020-05-24
Tulare,1747.0,75.0,63,0,2020-05-25
Tulare,1768.0,79.0,21,4,2020-05-26
Tulare,1817.0,79.0,49,0,2020-05-27
Tulare,1832.0,80.0,15,1,2020-05-28
Tulare,1852.0,84.0,20,4,2020-05-29
Tulare,1879.0,84.0,27,0,2020-05-30
Tulare,1884.0,84.0,5,0,2020-05-31
Tulare,1976.0,89.0,92,5,2020-06-01
Tulare,2012.0,89.0,36,0,2020-06-02
Tulare,2041.0,90.0,29,1,2020-06-03
Tulare,2086.0,92.0,45,2,2020-06-04
Tulare,2180.0,92.0,94,0,2020-06-05
Tulare,2213.0,92.0,33,0,2020-06-06
Tulare,2219.0,92.0,6,0,2020-06-07
Tulare,2301.0,94.0,82,2,2020-06-08
Tulare,2393.0,94.0,92,0,2020-06-09
Tulare,2455.0,96.0,62,2,2020-06-10
Tulare,2473.0,98.0,18,2,2020-06-11
Tulare,2552.0,98.0,79,0,2020-06-12
Tulare,2626.0,98.0,74,0,2020-06-13
Tulare,2646.0,98.0,20,0,2020-06-14
Tulare,2662.0,98.0,16,0,2020-06-15
Tulare,2802.0,98.0,140,0,2020-06-16
Tulare,2882.0,106.0,80,8,2020-06-17
Tulare,3005.0,107.0,123,1,2020-06-18
Tulare,3053.0,111.0,48,4,2020-06-19
Tulare,3172.0,111.0,119,0,2020-06-20
Tulare,3173.0,111.0,1,0,2020-06-21
Tulare,3185.0,113.0,12,2,2020-06-22
Tulare,3456.0,116.0,271,3,2020-06-23
Tulare,3541.0,118.0,85,2,2020-06-24
Tulare,3668.0,119.0,127,1,2020-06-25
Tulare,3743.0,122.0,75,3,2020-06-26
Tulare,3847.0,122.0,104,0,2020-06-27
Tulare,3923.0,122.0,76,0,2020-06-28
Tulare,4137.0,124.0,214,2,2020-06-29
Tulare,4306.0,126.0,169,2,2020-06-30
Tulare,4384.0,128.0,78,2,2020-07-01
Tulare,4559.0,133.0,175,5,2020-07-02
Tulare,4656.0,136.0,97,3,2020-07-03
Tulare,4802.0,136.0,146,0,2020-07-04
Tulare,4981.0,136.0,179,0,2020-07-05
Tulare,5039.0,136.0,58,0,2020-07-06
Tulare,5189.0,139.0,150,3,2020-07-07
Tulare,5307.0,148.0,118,9,2020-07-08
Tulare,5501.0,148.0,194,0,2020-07-09
Tulare,5677.0,152.0,176,4,2020-07-10
Tulare,5780.0,152.0,103,0,2020-07-11
Tulare,5864.0,152.0,84,0,2020-07-12
Tulare,5930.0,152.0,66,0,2020-07-13
Tulare,6199.0,153.0,269,1,2020-07-14
Tulare,6320.0,153.0,121,0,2020-07-15
Tulare,6467.0,161.0,147,8,2020-07-16
Tulare,6671.0,165.0,204,4,2020-07-17
Tulare,6810.0,165.0,139,0,2020-07-18
Tulare,6856.0,165.0,46,0,2020-07-19
Tulare,6974.0,167.0,118,2,2020-07-20
Tulare,7447.0,168.0,473,1,2020-07-21
Tulare,7640.0,168.0,193,0,2020-07-22
Tulare,7898.0,168.0,258,0,2020-07-23
Tulare,8167.0,168.0,269,0,2020-07-24
Tulare,8310.0,168.0,143,0,2020-07-25
Tulare,8392.0,168.0,82,0,2020-07-26
Tulare,8462.0,168.0,70,0,2020-07-27
Tulare,8787.0,173.0,325,5,2020-07-28
Tulare,9028.0,173.0,241,0,2020-07-29
Tulare,9167.0,173.0,139,0,2020-07-30
Tulare,9365.0,178.0,198,5,2020-07-31
Tulare,9520.0,178.0,155,0,2020-08-01
Tulare,9593.0,178.0,73,0,2020-08-02
Tulare,9703.0,189.0,110,11,2020-08-03
Tulare,9866.0,193.0,163,4,2020-08-04
Tulare,9924.0,193.0,58,0,2020-08-05
Tulare,10169.0,196.0,245,3,2020-08-06
Tulare,10292.0,196.0,123,0,2020-08-07
Tulare,10505.0,196.0,213,0,2020-08-08
Tulare,10630.0,196.0,125,0,2020-08-09
Tulare,10750.0,196.0,120,0,2020-08-10
Tulare,11392.0,198.0,642,2,2020-08-11
Tulare,11460.0,205.0,68,7,2020-08-12
Tulare,11692.0,205.0,232,0,2020-08-13
Tulare,12009.0,205.0,317,0,2020-08-14
Tulare,12262.0,205.0,253,0,2020-08-15
Tulare,12334.0,205.0,72,0,2020-08-16
Tulare,12487.0,206.0,153,1,2020-08-17
Tulare,12637.0,206.0,150,0,2020-08-18
Tulare,12756.0,208.0,119,2,2020-08-19
Tulare,12907.0,208.0,151,0,2020-08-20
Tulare,13002.0,210.0,95,2,2020-08-21
Tulare,13196.0,210.0,194,0,2020-08-22
Tulare,13303.0,210.0,107,0,2020-08-23
Tulare,13360.0,216.0,57,6,2020-08-24
Tulare,13514.0,216.0,154,0,2020-08-25
Tulare,13568.0,224.0,54,8,2020-08-26
Tulare,13666.0,229.0,98,5,2020-08-27
Tulare,13776.0,232.0,110,3,2020-08-28
Tulare,13890.0,232.0,114,0,2020-08-29
Tulare,13985.0,232.0,95,0,2020-08-30
Tulare,13985.0,232.0,0,0,2020-08-31
Tulare,14156.0,234.0,171,2,2020-09-01
Tulare,14298.0,240.0,142,6,2020-09-02
Tulare,14408.0,243.0,110,3,2020-09-03
Tulare,14501.0,243.0,93,0,2020-09-04
Tulare,14576.0,243.0,75,0,2020-09-05
Tulare,14636.0,243.0,60,0,2020-09-06
Tulare,14637.0,243.0,1,0,2020-09-07
Tulare,14635.0,246.0,-2,3,2020-09-08
Tulare,14787.0,246.0,152,0,2020-09-09
Tulare,14860.0,246.0,73,0,2020-09-10
Tulare,14932.0,247.0,72,1,2020-09-11
Tulare,15018.0,247.0,86,0,2020-09-12
Tulare,15098.0,247.0,80,0,2020-09-13
Tulare,15096.0,247.0,-2,0,2020-09-14
Tulare,15203.0,253.0,107,6,2020-09-15
Tulare,15314.0,255.0,111,2,2020-09-16
Tulare,15344.0,256.0,30,1,2020-09-17
Tulare,15435.0,256.0,91,0,2020-09-18
Tulare,15485.0,256.0,50,0,2020-09-19
Tulare,15528.0,256.0,43,0,2020-09-20
Tulare,15528.0,256.0,0,0,2020-09-21
Tulare,15616.0,257.0,88,1,2020-09-22
Tulare,15664.0,259.0,48,2,2020-09-23
Tulare,15754.0,259.0,90,0,2020-09-24
Tulare,15815.0,259.0,61,0,2020-09-25
Tulare,15881.0,263.0,66,4,2020-09-26
Tulare,15918.0,263.0,37,0,2020-09-27
Tulare,15918.0,263.0,0,0,2020-09-28
Tulare,16055.0,263.0,137,0,2020-09-29
Tulare,16117.0,263.0,62,0,2020-09-30
Tulare,16182.0,263.0,65,0,2020-10-01
Tulare,16245.0,265.0,63,2,2020-10-02
Tulare,16322.0,265.0,77,0,2020-10-03
Tulare,16343.0,265.0,21,0,2020-10-04
Tulare,16343.0,265.0,0,0,2020-10-05
Tulare,16456.0,265.0,113,0,2020-10-06
Tulare,16483.0,267.0,27,2,2020-10-07
Tulare,16573.0,269.0,90,2,2020-10-08
Tulare,16644.0,269.0,71,0,2020-10-09
Tulare,16709.0,269.0,65,0,2020-10-10
Tulare,16741.0,269.0,32,0,2020-10-11
Tulare,16742.0,269.0,1,0,2020-10-12
Tulare,16822.0,269.0,80,0,2020-10-13
Tulare,16863.0,273.0,41,4,2020-10-14
Tulare,16918.0,274.0,55,1,2020-10-15
Tulare,16965.0,275.0,47,1,2020-10-16
Tulare,16995.0,275.0,30,0,2020-10-17
Tulare,17048.0,275.0,53,0,2020-10-18
Tulare,17047.0,276.0,-1,1,2020-10-19
Tulare,17156.0,279.0,109,3,2020-10-20
Tulare,17204.0,282.0,48,3,2020-10-21
Tulare,17265.0,284.0,61,2,2020-10-22
Tulare,17334.0,286.0,69,2,2020-10-23
Tulare,17406.0,286.0,72,0,2020-10-24
Tulare,17431.0,286.0,25,0,2020-10-25
Tulare,17432.0,288.0,1,2,2020-10-26
Tulare,17520.0,288.0,88,0,2020-10-27
Tulare,17569.0,291.0,49,3,2020-10-28
Tulare,17627.0,292.0,58,1,2020-10-29
Tulare,17682.0,293.0,55,1,2020-10-30
Tulare,17758.0,293.0,76,0,2020-10-31
Tulare,17774.0,293.0,16,0,2020-11-01
Tulare,17774.0,295.0,0,2,2020-11-02
Tulare,17890.0,295.0,116,0,2020-11-03
Tulare,17952.0,297.0,62,2,2020-11-04
Tulare,18049.0,297.0,97,0,2020-11-05
Tulare,18136.0,297.0,87,0,2020-11-06
Tulare,18210.0,297.0,74,0,2020-11-07
Tulare,18272.0,297.0,62,0,2020-11-08
Tulare,18272.0,297.0,0,0,2020-11-09
Tulare,18430.0,299.0,158,2,2020-11-10
Tulare,18500.0,299.0,70,0,2020-11-11
Tulare,18545.0,299.0,45,0,2020-11-12
Tulare,18714.0,300.0,169,1,2020-11-13
Tulare,18853.0,300.0,139,0,2020-11-14
Tulare,18891.0,300.0,38,0,2020-11-15
Tulare,18891.0,300.0,0,0,2020-11-16
Tulare,19176.0,301.0,285,1,2020-11-17
Tulare,19286.0,301.0,110,0,2020-11-18
Tulare,19384.0,303.0,98,2,2020-11-19
Tulare,19568.0,303.0,184,0,2020-11-20
Tulare,19752.0,303.0,184,0,2020-11-21
Tulare,19818.0,303.0,66,0,2020-11-22
Tulare,19818.0,304.0,0,1,2020-11-23
Tulare,20319.0,305.0,501,1,2020-11-24
Tulare,20528.0,308.0,209,3,2020-11-25
Tulare,20649.0,308.0,121,0,2020-11-26
Tulare,20634.0,308.0,-15,0,2020-11-27
Tulare,20701.0,308.0,67,0,2020-11-28
Tulare,20793.0,308.0,92,0,2020-11-29
Tulare,20833.0,312.0,40,4,2020-11-30
Tulare,21645.0,312.0,812,0,2020-12-01
Tulare,21789.0,314.0,144,2,2020-12-02
Tulare,21993.0,315.0,204,1,2020-12-03
Tulare,22273.0,317.0,280,2,2020-12-04
Tulare,22660.0,317.0,387,0,2020-12-05
Tulare,22756.0,317.0,96,0,2020-12-06
Tulare,22760.0,317.0,4,0,2020-12-07
Tulare,23607.0,319.0,847,2,2020-12-08
Tulare,24124.0,323.0,517,4,2020-12-09
Tulare,24506.0,326.0,382,3,2020-12-10
Tulare,24953.0,327.0,447,1,2020-12-11
Tulare,25333.0,327.0,380,0,2020-12-12
Tulare,25496.0,327.0,163,0,2020-12-13
Tulare,25735.0,330.0,239,3,2020-12-14
San Benito,3.0,0.0,3,0,2020-03-18
San Benito,3.0,0.0,0,0,2020-03-19
San Benito,4.0,1.0,1,1,2020-03-20
San Benito,4.0,1.0,0,0,2020-03-21
San Benito,4.0,1.0,0,0,2020-03-22
San Benito,4.0,1.0,0,0,2020-03-23
San Benito,4.0,1.0,0,0,2020-03-24
San Benito,4.0,1.0,0,0,2020-03-25
San Benito,8.0,1.0,4,0,2020-03-26
San Benito,9.0,1.0,1,0,2020-03-27
San Benito,10.0,1.0,1,0,2020-03-28
San Benito,10.0,1.0,0,0,2020-03-29
San Benito,11.0,1.0,1,0,2020-03-30
San Benito,14.0,1.0,3,0,2020-03-31
San Benito,14.0,1.0,0,0,2020-04-01
San Benito,18.0,1.0,4,0,2020-04-02
San Benito,22.0,1.0,4,0,2020-04-03
San Benito,22.0,1.0,0,0,2020-04-04
San Benito,22.0,1.0,0,0,2020-04-05
San Benito,25.0,1.0,3,0,2020-04-06
San Benito,26.0,2.0,1,1,2020-04-07
San Benito,31.0,2.0,5,0,2020-04-08
San Benito,32.0,2.0,1,0,2020-04-09
San Benito,32.0,2.0,0,0,2020-04-10
San Benito,33.0,2.0,1,0,2020-04-11
San Benito,33.0,2.0,0,0,2020-04-12
San Benito,33.0,2.0,0,0,2020-04-13
San Benito,34.0,2.0,1,0,2020-04-14
San Benito,34.0,2.0,0,0,2020-04-15
San Benito,36.0,2.0,2,0,2020-04-16
San Benito,38.0,2.0,2,0,2020-04-17
San Benito,40.0,2.0,2,0,2020-04-18
San Benito,40.0,2.0,0,0,2020-04-19
San Benito,43.0,2.0,3,0,2020-04-20
San Benito,43.0,2.0,0,0,2020-04-21
San Benito,43.0,2.0,0,0,2020-04-22
San Benito,43.0,2.0,0,0,2020-04-23
San Benito,45.0,2.0,2,0,2020-04-24
San Benito,45.0,2.0,0,0,2020-04-25
San Benito,45.0,2.0,0,0,2020-04-26
San Benito,45.0,2.0,0,0,2020-04-27
San Benito,46.0,2.0,1,0,2020-04-28
San Benito,48.0,2.0,2,0,2020-04-29
San Benito,48.0,2.0,0,0,2020-04-30
San Benito,49.0,2.0,1,0,2020-05-01
San Benito,49.0,2.0,0,0,2020-05-02
San Benito,49.0,2.0,0,0,2020-05-03
San Benito,49.0,2.0,0,0,2020-05-04
San Benito,50.0,2.0,1,0,2020-05-05
San Benito,50.0,2.0,0,0,2020-05-06
San Benito,50.0,2.0,0,0,2020-05-07
San Benito,51.0,2.0,1,0,2020-05-08
San Benito,52.0,2.0,1,0,2020-05-09
San Benito,52.0,2.0,0,0,2020-05-10
San Benito,52.0,2.0,0,0,2020-05-11
San Benito,55.0,2.0,3,0,2020-05-12
San Benito,55.0,2.0,0,0,2020-05-13
San Benito,56.0,2.0,1,0,2020-05-14
San Benito,57.0,2.0,1,0,2020-05-15
San Benito,58.0,2.0,1,0,2020-05-16
San Benito,59.0,2.0,1,0,2020-05-17
San Benito,59.0,2.0,0,0,2020-05-18
San Benito,59.0,2.0,0,0,2020-05-19
San Benito,61.0,2.0,2,0,2020-05-20
San Benito,61.0,2.0,0,0,2020-05-21
San Benito,64.0,2.0,3,0,2020-05-22
San Benito,67.0,2.0,3,0,2020-05-23
San Benito,67.0,2.0,0,0,2020-05-24
San Benito,70.0,2.0,3,0,2020-05-25
San Benito,69.0,2.0,-1,0,2020-05-26
San Benito,74.0,2.0,5,0,2020-05-27
San Benito,82.0,2.0,8,0,2020-05-28
San Benito,84.0,2.0,2,0,2020-05-29
San Benito,85.0,2.0,1,0,2020-05-30
San Benito,85.0,2.0,0,0,2020-05-31
San Benito,86.0,2.0,1,0,2020-06-01
San Benito,86.0,2.0,0,0,2020-06-02
San Benito,88.0,2.0,2,0,2020-06-03
San Benito,88.0,2.0,0,0,2020-06-04
San Benito,92.0,2.0,4,0,2020-06-05
San Benito,92.0,2.0,0,0,2020-06-06
San Benito,92.0,2.0,0,0,2020-06-07
San Benito,93.0,2.0,1,0,2020-06-08
San Benito,95.0,2.0,2,0,2020-06-09
San Benito,94.0,2.0,-1,0,2020-06-10
San Benito,94.0,2.0,0,0,2020-06-11
San Benito,96.0,2.0,2,0,2020-06-12
San Benito,99.0,2.0,3,0,2020-06-13
San Benito,104.0,2.0,5,0,2020-06-14
San Benito,108.0,2.0,4,0,2020-06-15
San Benito,110.0,2.0,2,0,2020-06-16
San Benito,116.0,2.0,6,0,2020-06-17
San Benito,134.0,2.0,18,0,2020-06-18
San Benito,136.0,2.0,2,0,2020-06-19
San Benito,139.0,2.0,3,0,2020-06-20
San Benito,151.0,2.0,12,0,2020-06-21
San Benito,164.0,2.0,13,0,2020-06-22
San Benito,167.0,2.0,3,0,2020-06-23
San Benito,171.0,2.0,4,0,2020-06-24
San Benito,175.0,2.0,4,0,2020-06-25
San Benito,177.0,2.0,2,0,2020-06-26
San Benito,183.0,2.0,6,0,2020-06-27
San Benito,194.0,2.0,11,0,2020-06-28
San Benito,204.0,2.0,10,0,2020-06-29
San Benito,212.0,2.0,8,0,2020-06-30
San Benito,219.0,2.0,7,0,2020-07-01
San Benito,236.0,2.0,17,0,2020-07-02
San Benito,243.0,2.0,7,0,2020-07-03
San Benito,255.0,2.0,12,0,2020-07-04
San Benito,258.0,2.0,3,0,2020-07-05
San Benito,264.0,2.0,6,0,2020-07-06
San Benito,274.0,2.0,10,0,2020-07-07
San Benito,282.0,2.0,8,0,2020-07-08
San Benito,295.0,2.0,13,0,2020-07-09
San Benito,302.0,2.0,7,0,2020-07-10
San Benito,314.0,2.0,12,0,2020-07-11
San Benito,324.0,2.0,10,0,2020-07-12
San Benito,343.0,2.0,19,0,2020-07-13
San Benito,360.0,2.0,17,0,2020-07-14
San Benito,388.0,2.0,28,0,2020-07-15
San Benito,389.0,2.0,1,0,2020-07-16
San Benito,399.0,2.0,10,0,2020-07-17
San Benito,407.0,2.0,8,0,2020-07-18
San Benito,412.0,2.0,5,0,2020-07-19
San Benito,433.0,2.0,21,0,2020-07-20
San Benito,444.0,2.0,11,0,2020-07-21
San Benito,465.0,2.0,21,0,2020-07-22
San Benito,478.0,2.0,13,0,2020-07-23
San Benito,485.0,2.0,7,0,2020-07-24
San Benito,492.0,2.0,7,0,2020-07-25
San Benito,495.0,2.0,3,0,2020-07-26
San Benito,498.0,2.0,3,0,2020-07-27
San Benito,503.0,3.0,5,1,2020-07-28
San Benito,537.0,4.0,34,1,2020-07-29
San Benito,558.0,4.0,21,0,2020-07-30
San Benito,567.0,4.0,9,0,2020-07-31
San Benito,579.0,4.0,12,0,2020-08-01
San Benito,599.0,4.0,20,0,2020-08-02
San Benito,603.0,4.0,4,0,2020-08-03
San Benito,608.0,4.0,5,0,2020-08-04
San Benito,613.0,4.0,5,0,2020-08-05
San Benito,626.0,4.0,13,0,2020-08-06
San Benito,647.0,4.0,21,0,2020-08-07
San Benito,684.0,4.0,37,0,2020-08-08
San Benito,687.0,4.0,3,0,2020-08-09
San Benito,743.0,4.0,56,0,2020-08-10
San Benito,750.0,4.0,7,0,2020-08-11
San Benito,751.0,4.0,1,0,2020-08-12
San Benito,757.0,4.0,6,0,2020-08-13
San Benito,783.0,4.0,26,0,2020-08-14
San Benito,805.0,4.0,22,0,2020-08-15
San Benito,815.0,4.0,10,0,2020-08-16
San Benito,822.0,4.0,7,0,2020-08-17
San Benito,836.0,4.0,14,0,2020-08-18
San Benito,853.0,5.0,17,1,2020-08-19
San Benito,866.0,7.0,13,2,2020-08-20
San Benito,891.0,7.0,25,0,2020-08-21
San Benito,912.0,7.0,21,0,2020-08-22
San Benito,938.0,7.0,26,0,2020-08-23
San Benito,961.0,7.0,23,0,2020-08-24
San Benito,973.0,7.0,12,0,2020-08-25
San Benito,978.0,7.0,5,0,2020-08-26
San Benito,987.0,7.0,9,0,2020-08-27
San Benito,1016.0,7.0,29,0,2020-08-28
San Benito,1045.0,8.0,29,1,2020-08-29
San Benito,1071.0,8.0,26,0,2020-08-30
San Benito,1080.0,8.0,9,0,2020-08-31
San Benito,1089.0,8.0,9,0,2020-09-01
San Benito,1107.0,8.0,18,0,2020-09-02
San Benito,1121.0,8.0,14,0,2020-09-03
San Benito,1137.0,8.0,16,0,2020-09-04
San Benito,1153.0,9.0,16,1,2020-09-05
San Benito,1178.0,9.0,25,0,2020-09-06
San Benito,1180.0,9.0,2,0,2020-09-07
San Benito,1188.0,10.0,8,1,2020-09-08
San Benito,1199.0,10.0,11,0,2020-09-09
San Benito,1201.0,10.0,2,0,2020-09-10
San Benito,1202.0,10.0,1,0,2020-09-11
San Benito,1208.0,10.0,6,0,2020-09-12
San Benito,1217.0,10.0,9,0,2020-09-13
San Benito,1233.0,10.0,16,0,2020-09-14
San Benito,1237.0,10.0,4,0,2020-09-15
San Benito,1244.0,10.0,7,0,2020-09-16
San Benito,1252.0,10.0,8,0,2020-09-17
San Benito,1257.0,11.0,5,1,2020-09-18
San Benito,1276.0,11.0,19,0,2020-09-19
San Benito,1291.0,11.0,15,0,2020-09-20
San Benito,1298.0,11.0,7,0,2020-09-21
San Benito,1305.0,11.0,7,0,2020-09-22
San Benito,1305.0,11.0,0,0,2020-09-23
San Benito,1308.0,11.0,3,0,2020-09-24
San Benito,1318.0,11.0,10,0,2020-09-25
San Benito,1325.0,11.0,7,0,2020-09-26
San Benito,1331.0,11.0,6,0,2020-09-27
San Benito,1336.0,11.0,5,0,2020-09-28
San Benito,1341.0,11.0,5,0,2020-09-29
San Benito,1342.0,11.0,1,0,2020-09-30
San Benito,1346.0,11.0,4,0,2020-10-01
San Benito,1347.0,11.0,1,0,2020-10-02
San Benito,1351.0,11.0,4,0,2020-10-03
San Benito,1355.0,11.0,4,0,2020-10-04
San Benito,1356.0,11.0,1,0,2020-10-05
San Benito,1358.0,12.0,2,1,2020-10-06
San Benito,1363.0,13.0,5,1,2020-10-07
San Benito,1367.0,13.0,4,0,2020-10-08
San Benito,1367.0,13.0,0,0,2020-10-09
San Benito,1370.0,13.0,3,0,2020-10-10
San Benito,1374.0,13.0,4,0,2020-10-11
San Benito,1376.0,13.0,2,0,2020-10-12
San Benito,1380.0,13.0,4,0,2020-10-13
San Benito,1381.0,13.0,1,0,2020-10-14
San Benito,1384.0,13.0,3,0,2020-10-15
San Benito,1388.0,14.0,4,1,2020-10-16
San Benito,1389.0,14.0,1,0,2020-10-17
San Benito,1395.0,14.0,6,0,2020-10-18
San Benito,1395.0,14.0,0,0,2020-10-19
San Benito,1398.0,14.0,3,0,2020-10-20
San Benito,1401.0,14.0,3,0,2020-10-21
San Benito,1403.0,15.0,2,1,2020-10-22
San Benito,1412.0,15.0,9,0,2020-10-23
San Benito,1417.0,15.0,5,0,2020-10-24
San Benito,1423.0,15.0,6,0,2020-10-25
San Benito,1424.0,15.0,1,0,2020-10-26
San Benito,1428.0,15.0,4,0,2020-10-27
San Benito,1429.0,15.0,1,0,2020-10-28
San Benito,1431.0,15.0,2,0,2020-10-29
San Benito,1440.0,15.0,9,0,2020-10-30
San Benito,1448.0,15.0,8,0,2020-10-31
San Benito,1451.0,15.0,3,0,2020-11-01
San Benito,1459.0,15.0,8,0,2020-11-02
San Benito,1463.0,15.0,4,0,2020-11-03
San Benito,1464.0,15.0,1,0,2020-11-04
San Benito,1477.0,15.0,13,0,2020-11-05
San Benito,1479.0,15.0,2,0,2020-11-06
San Benito,1487.0,15.0,8,0,2020-11-07
San Benito,1496.0,15.0,9,0,2020-11-08
San Benito,1506.0,15.0,10,0,2020-11-09
San Benito,1508.0,15.0,2,0,2020-11-10
San Benito,1512.0,15.0,4,0,2020-11-11
San Benito,1525.0,15.0,13,0,2020-11-12
San Benito,1553.0,15.0,28,0,2020-11-13
San Benito,1573.0,15.0,20,0,2020-11-14
San Benito,1589.0,15.0,16,0,2020-11-15
San Benito,1603.0,15.0,14,0,2020-11-16
San Benito,1611.0,15.0,8,0,2020-11-17
San Benito,1632.0,15.0,21,0,2020-11-18
San Benito,1643.0,15.0,11,0,2020-11-19
San Benito,1668.0,15.0,25,0,2020-11-20
San Benito,1691.0,15.0,23,0,2020-11-21
San Benito,1704.0,15.0,13,0,2020-11-22
San Benito,1729.0,15.0,25,0,2020-11-23
San Benito,1740.0,15.0,11,0,2020-11-24
San Benito,1764.0,16.0,24,1,2020-11-25
San Benito,1769.0,16.0,5,0,2020-11-26
San Benito,1805.0,16.0,36,0,2020-11-27
San Benito,1835.0,16.0,30,0,2020-11-28
San Benito,1860.0,16.0,25,0,2020-11-29
San Benito,1875.0,16.0,15,0,2020-11-30
San Benito,1888.0,17.0,13,1,2020-12-01
San Benito,1921.0,17.0,33,0,2020-12-02
San Benito,1967.0,17.0,46,0,2020-12-03
San Benito,2006.0,17.0,39,0,2020-12-04
San Benito,2073.0,18.0,67,1,2020-12-05
San Benito,2135.0,18.0,62,0,2020-12-06
San Benito,2165.0,19.0,30,1,2020-12-07
San Benito,2180.0,19.0,15,0,2020-12-08
San Benito,2217.0,19.0,37,0,2020-12-09
San Benito,2268.0,19.0,51,0,2020-12-10
San Benito,2319.0,19.0,51,0,2020-12-11
San Benito,2355.0,19.0,36,0,2020-12-12
San Benito,2408.0,19.0,53,0,2020-12-13
San Benito,2467.0,19.0,59,0,2020-12-14
Alameda,29.0,0.0,29,0,2020-03-18
Alameda,36.0,0.0,7,0,2020-03-19
Alameda,42.0,0.0,6,0,2020-03-20
Alameda,62.0,0.0,20,0,2020-03-21
Alameda,72.0,1.0,10,1,2020-03-22
Alameda,88.0,1.0,16,0,2020-03-23
Alameda,96.0,2.0,8,1,2020-03-24
Alameda,134.0,3.0,38,1,2020-03-25
Alameda,172.0,4.0,38,1,2020-03-26
Alameda,185.0,4.0,13,0,2020-03-27
Alameda,205.0,6.0,20,2,2020-03-28
Alameda,207.0,6.0,2,0,2020-03-29
Alameda,250.0,7.0,43,1,2020-03-30
Alameda,269.0,7.0,19,0,2020-03-31
Alameda,287.0,8.0,18,1,2020-04-01
Alameda,345.0,10.0,58,2,2020-04-02
Alameda,395.0,11.0,50,1,2020-04-03
Alameda,468.0,12.0,73,1,2020-04-04
Alameda,475.0,12.0,7,0,2020-04-05
Alameda,527.0,13.0,52,1,2020-04-06
Alameda,560.0,14.0,33,1,2020-04-07
Alameda,594.0,15.0,34,1,2020-04-08
Alameda,641.0,17.0,47,2,2020-04-09
Alameda,706.0,26.0,65,9,2020-04-10
Alameda,751.0,26.0,45,0,2020-04-11
Alameda,774.0,26.0,23,0,2020-04-12
Alameda,821.0,31.0,47,5,2020-04-13
Alameda,843.0,37.0,22,6,2020-04-14
Alameda,915.0,37.0,72,0,2020-04-15
Alameda,981.0,44.0,66,7,2020-04-16
Alameda,1043.0,44.0,62,0,2020-04-17
Alameda,1085.0,44.0,42,0,2020-04-18
Alameda,1134.0,44.0,49,0,2020-04-19
Alameda,1181.0,50.0,47,6,2020-04-20
Alameda,1234.0,51.0,53,1,2020-04-21
Alameda,1275.0,53.0,41,2,2020-04-22
Alameda,1336.0,56.0,61,3,2020-04-23
Alameda,1385.0,56.0,49,0,2020-04-24
Alameda,1396.0,56.0,11,0,2020-04-25
Alameda,1449.0,56.0,53,0,2020-04-26
Alameda,1494.0,59.0,45,3,2020-04-27
Alameda,1525.0,59.0,31,0,2020-04-28
Alameda,1564.0,63.0,39,4,2020-04-29
Alameda,1599.0,63.0,35,0,2020-04-30
Alameda,1630.0,63.0,31,0,2020-05-01
Alameda,1678.0,63.0,48,0,2020-05-02
Alameda,1731.0,65.0,53,2,2020-05-03
Alameda,1762.0,65.0,31,0,2020-05-04
Alameda,1819.0,69.0,57,4,2020-05-05
Alameda,1864.0,69.0,45,0,2020-05-06
Alameda,1914.0,69.0,50,0,2020-05-07
Alameda,1955.0,72.0,41,3,2020-05-08
Alameda,2011.0,75.0,56,3,2020-05-09
Alameda,2047.0,75.0,36,0,2020-05-10
Alameda,2103.0,75.0,56,0,2020-05-11
Alameda,2146.0,80.0,43,5,2020-05-12
Alameda,2181.0,80.0,35,0,2020-05-13
Alameda,2255.0,84.0,74,4,2020-05-14
Alameda,2289.0,85.0,34,1,2020-05-15
Alameda,2327.0,85.0,38,0,2020-05-16
Alameda,2389.0,85.0,62,0,2020-05-17
Alameda,2442.0,88.0,53,3,2020-05-18
Alameda,2493.0,88.0,51,0,2020-05-19
Alameda,2554.0,88.0,61,0,2020-05-20
Alameda,2606.0,90.0,52,2,2020-05-21
Alameda,2722.0,90.0,116,0,2020-05-22
Alameda,2783.0,92.0,61,2,2020-05-23
Alameda,2830.0,93.0,47,1,2020-05-24
Alameda,2900.0,93.0,70,0,2020-05-25
Alameda,2956.0,97.0,56,4,2020-05-26
Alameda,3037.0,97.0,81,0,2020-05-27
Alameda,3083.0,102.0,46,5,2020-05-28
Alameda,3209.0,103.0,126,1,2020-05-29
Alameda,3304.0,103.0,95,0,2020-05-30
Alameda,3362.0,104.0,58,1,2020-05-31
Alameda,3460.0,104.0,98,0,2020-06-01
Alameda,3517.0,104.0,57,0,2020-06-02
Alameda,3589.0,104.0,72,0,2020-06-03
Alameda,3643.0,104.0,54,0,2020-06-04
Alameda,3734.0,104.0,91,0,2020-06-05
Alameda,3801.0,104.0,67,0,2020-06-06
Alameda,3866.0,104.0,65,0,2020-06-07
Alameda,3937.0,110.0,71,6,2020-06-08
Alameda,3963.0,110.0,26,0,2020-06-09
Alameda,4027.0,110.0,64,0,2020-06-10
Alameda,4073.0,110.0,46,0,2020-06-11
Alameda,4167.0,110.0,94,0,2020-06-12
Alameda,4196.0,110.0,29,0,2020-06-13
Alameda,4271.0,112.0,75,2,2020-06-14
Alameda,4323.0,112.0,52,0,2020-06-15
Alameda,4428.0,112.0,105,0,2020-06-16
Alameda,4485.0,116.0,57,4,2020-06-17
Alameda,4589.0,117.0,104,1,2020-06-18
Alameda,4646.0,118.0,57,1,2020-06-19
Alameda,4758.0,119.0,112,1,2020-06-20
Alameda,4835.0,119.0,77,0,2020-06-21
Alameda,4944.0,121.0,109,2,2020-06-22
Alameda,5159.0,121.0,215,0,2020-06-23
Alameda,5242.0,122.0,83,1,2020-06-24
Alameda,5411.0,128.0,169,6,2020-06-25
Alameda,5522.0,130.0,111,2,2020-06-26
Alameda,5610.0,130.0,88,0,2020-06-27
Alameda,5779.0,133.0,169,3,2020-06-28
Alameda,5940.0,133.0,161,0,2020-06-29
Alameda,6067.0,135.0,127,2,2020-06-30
Alameda,6141.0,136.0,74,1,2020-07-01
Alameda,6386.0,138.0,245,2,2020-07-02
Alameda,6486.0,140.0,100,2,2020-07-03
Alameda,6737.0,140.0,251,0,2020-07-04
Alameda,6861.0,140.0,124,0,2020-07-05
Alameda,6970.0,140.0,109,0,2020-07-06
Alameda,7097.0,140.0,127,0,2020-07-07
Alameda,7335.0,142.0,238,2,2020-07-08
Alameda,7433.0,146.0,98,4,2020-07-09
Alameda,7551.0,147.0,118,1,2020-07-10
Alameda,7845.0,148.0,294,1,2020-07-11
Alameda,8056.0,148.0,211,0,2020-07-12
Alameda,8115.0,148.0,59,0,2020-07-13
Alameda,8388.0,152.0,273,4,2020-07-14
Alameda,8615.0,154.0,227,2,2020-07-15
Alameda,8719.0,154.0,104,0,2020-07-16
Alameda,8893.0,161.0,174,7,2020-07-17
Alameda,9089.0,162.0,196,1,2020-07-18
Alameda,9227.0,162.0,138,0,2020-07-19
Alameda,9244.0,162.0,17,0,2020-07-20
Alameda,9390.0,167.0,146,5,2020-07-21
Alameda,9678.0,171.0,288,4,2020-07-22
Alameda,9924.0,173.0,246,2,2020-07-23
Alameda,10216.0,178.0,292,5,2020-07-24
Alameda,10361.0,178.0,145,0,2020-07-25
Alameda,10489.0,178.0,128,0,2020-07-26
Alameda,10645.0,178.0,156,0,2020-07-27
Alameda,10875.0,181.0,230,3,2020-07-28
Alameda,11177.0,181.0,302,0,2020-07-29
Alameda,11303.0,182.0,126,1,2020-07-30
Alameda,11441.0,182.0,138,0,2020-07-31
Alameda,11590.0,189.0,149,7,2020-08-01
Alameda,11696.0,189.0,106,0,2020-08-02
Alameda,11817.0,189.0,121,0,2020-08-03
Alameda,11983.0,192.0,166,3,2020-08-04
Alameda,12140.0,193.0,157,1,2020-08-05
Alameda,12474.0,193.0,334,0,2020-08-06
Alameda,12805.0,193.0,331,0,2020-08-07
Alameda,13087.0,193.0,282,0,2020-08-08
Alameda,13241.0,193.0,154,0,2020-08-09
Alameda,13420.0,205.0,179,12,2020-08-10
Alameda,13960.0,205.0,540,0,2020-08-11
Alameda,14214.0,212.0,254,7,2020-08-12
Alameda,14385.0,216.0,171,4,2020-08-13
Alameda,14909.0,219.0,524,3,2020-08-14
Alameda,15165.0,219.0,256,0,2020-08-15
Alameda,15338.0,221.0,173,2,2020-08-16
Alameda,15454.0,221.0,116,0,2020-08-17
Alameda,15627.0,224.0,173,3,2020-08-18
Alameda,15874.0,228.0,247,4,2020-08-19
Alameda,16174.0,231.0,300,3,2020-08-20
Alameda,16413.0,234.0,239,3,2020-08-21
Alameda,16648.0,233.0,235,-1,2020-08-22
Alameda,16786.0,234.0,138,1,2020-08-23
Alameda,16913.0,234.0,127,0,2020-08-24
Alameda,17278.0,240.0,365,6,2020-08-25
Alameda,17373.0,243.0,95,3,2020-08-26
Alameda,17584.0,244.0,211,1,2020-08-27
Alameda,17729.0,247.0,145,3,2020-08-28
Alameda,17888.0,247.0,159,0,2020-08-29
Alameda,18099.0,252.0,211,5,2020-08-30
Alameda,18148.0,257.0,49,5,2020-08-31
Alameda,18382.0,257.0,234,0,2020-09-01
Alameda,18522.0,274.0,140,17,2020-09-02
Alameda,18687.0,295.0,165,21,2020-09-03
Alameda,18843.0,296.0,156,1,2020-09-04
Alameda,18973.0,299.0,130,3,2020-09-05
Alameda,19029.0,299.0,56,0,2020-09-06
Alameda,19188.0,300.0,159,1,2020-09-07
Alameda,19293.0,303.0,105,3,2020-09-08
Alameda,19399.0,303.0,106,0,2020-09-09
Alameda,19509.0,303.0,110,0,2020-09-10
Alameda,19625.0,320.0,116,17,2020-09-11
Alameda,19758.0,320.0,133,0,2020-09-12
Alameda,19815.0,332.0,57,12,2020-09-13
Alameda,19851.0,332.0,36,0,2020-09-14
Alameda,19931.0,356.0,80,24,2020-09-15
Alameda,20009.0,356.0,78,0,2020-09-16
Alameda,20146.0,365.0,137,9,2020-09-17
Alameda,20222.0,370.0,76,5,2020-09-18
Alameda,20349.0,374.0,127,4,2020-09-19
Alameda,20425.0,374.0,76,0,2020-09-20
Alameda,20501.0,374.0,76,0,2020-09-21
Alameda,20607.0,390.0,106,16,2020-09-22
Alameda,20718.0,395.0,111,5,2020-09-23
Alameda,20838.0,397.0,120,2,2020-09-24
Alameda,20911.0,404.0,73,7,2020-09-25
Alameda,21019.0,406.0,108,2,2020-09-26
Alameda,21077.0,406.0,58,0,2020-09-27
Alameda,21133.0,406.0,56,0,2020-09-28
Alameda,21241.0,408.0,108,2,2020-09-29
Alameda,21271.0,412.0,30,4,2020-09-30
Alameda,21349.0,420.0,78,8,2020-10-01
Alameda,21404.0,420.0,55,0,2020-10-02
Alameda,21510.0,426.0,106,6,2020-10-03
Alameda,21597.0,425.0,87,-1,2020-10-04
Alameda,21637.0,425.0,40,0,2020-10-05
Alameda,21698.0,427.0,61,2,2020-10-06
Alameda,21736.0,440.0,38,13,2020-10-07
Alameda,21826.0,440.0,90,0,2020-10-08
Alameda,21924.0,440.0,98,0,2020-10-09
Alameda,21979.0,441.0,55,1,2020-10-10
Alameda,22057.0,436.0,78,-5,2020-10-11
Alameda,22126.0,431.0,69,-5,2020-10-12
Alameda,22185.0,431.0,59,0,2020-10-13
Alameda,22227.0,442.0,42,11,2020-10-14
Alameda,22267.0,433.0,40,-9,2020-10-15
Alameda,22315.0,433.0,48,0,2020-10-16
Alameda,22394.0,442.0,79,9,2020-10-17
Alameda,22546.0,433.0,152,-9,2020-10-18
Alameda,22647.0,433.0,101,0,2020-10-19
Alameda,22750.0,432.0,103,-1,2020-10-20
Alameda,22853.0,432.0,103,0,2020-10-21
Alameda,22915.0,456.0,62,24,2020-10-22
Alameda,23047.0,456.0,132,0,2020-10-23
Alameda,23099.0,460.0,52,4,2020-10-24
Alameda,23192.0,461.0,93,1,2020-10-25
Alameda,23284.0,461.0,92,0,2020-10-26
Alameda,23365.0,462.0,81,1,2020-10-27
Alameda,23468.0,462.0,103,0,2020-10-28
Alameda,23530.0,463.0,62,1,2020-10-29
Alameda,23676.0,463.0,146,0,2020-10-30
Alameda,23780.0,464.0,104,1,2020-10-31
Alameda,23892.0,464.0,112,0,2020-11-01
Alameda,23991.0,464.0,99,0,2020-11-02
Alameda,24055.0,466.0,64,2,2020-11-03
Alameda,24172.0,463.0,117,-3,2020-11-04
Alameda,24270.0,465.0,98,2,2020-11-05
Alameda,24389.0,471.0,119,6,2020-11-06
Alameda,24557.0,471.0,168,0,2020-11-07
Alameda,24731.0,475.0,174,4,2020-11-08
Alameda,24899.0,475.0,168,0,2020-11-09
Alameda,25008.0,474.0,109,-1,2020-11-10
Alameda,25140.0,483.0,132,9,2020-11-11
Alameda,25345.0,483.0,205,0,2020-11-12
Alameda,25515.0,486.0,170,3,2020-11-13
Alameda,25714.0,489.0,199,3,2020-11-14
Alameda,25879.0,490.0,165,1,2020-11-15
Alameda,26063.0,490.0,184,0,2020-11-16
Alameda,26425.0,493.0,362,3,2020-11-17
Alameda,26610.0,494.0,185,1,2020-11-18
Alameda,26971.0,495.0,361,1,2020-11-19
Alameda,27221.0,499.0,250,4,2020-11-20
Alameda,27424.0,499.0,203,0,2020-11-21
Alameda,27472.0,499.0,48,0,2020-11-22
Alameda,27718.0,499.0,246,0,2020-11-23
Alameda,28030.0,499.0,312,0,2020-11-24
Alameda,28378.0,502.0,348,3,2020-11-25
Alameda,28797.0,502.0,419,0,2020-11-26
Alameda,29064.0,505.0,267,3,2020-11-27
Alameda,29368.0,511.0,304,6,2020-11-28
Alameda,29918.0,512.0,550,1,2020-11-29
Alameda,29972.0,512.0,54,0,2020-11-30
Alameda,30251.0,514.0,279,2,2020-12-01
Alameda,30697.0,520.0,446,6,2020-12-02
Alameda,31184.0,520.0,487,0,2020-12-03
Alameda,31871.0,522.0,687,2,2020-12-04
Alameda,32781.0,522.0,910,0,2020-12-05
Alameda,33477.0,522.0,696,0,2020-12-06
Alameda,33887.0,520.0,410,-2,2020-12-07
Alameda,34373.0,525.0,486,5,2020-12-08
Alameda,35047.0,526.0,674,1,2020-12-09
Alameda,35686.0,533.0,639,7,2020-12-10
Alameda,36281.0,538.0,595,5,2020-12-11
Alameda,37027.0,542.0,746,4,2020-12-12
Alameda,38064.0,542.0,1037,0,2020-12-13
Alameda,39252.0,546.0,1188,4,2020-12-14
Marin,10.0,0.0,10,0,2020-03-18
Marin,19.0,0.0,9,0,2020-03-19
Marin,30.0,0.0,11,0,2020-03-20
Marin,30.0,0.0,0,0,2020-03-21
Marin,30.0,0.0,0,0,2020-03-22
Marin,30.0,0.0,0,0,2020-03-23
Marin,44.0,0.0,14,0,2020-03-24
Marin,47.0,0.0,3,0,2020-03-25
Marin,56.0,0.0,9,0,2020-03-26
Marin,58.0,0.0,2,0,2020-03-27
Marin,58.0,0.0,0,0,2020-03-28
Marin,60.0,0.0,2,0,2020-03-29
Marin,78.0,0.0,18,0,2020-03-30
Marin,85.0,1.0,7,1,2020-03-31
Marin,87.0,1.0,2,0,2020-04-01
Marin,102.0,1.0,15,0,2020-04-02
Marin,106.0,6.0,4,5,2020-04-03
Marin,111.0,6.0,5,0,2020-04-04
Marin,113.0,6.0,2,0,2020-04-05
Marin,119.0,7.0,6,1,2020-04-06
Marin,122.0,7.0,3,0,2020-04-07
Marin,125.0,7.0,3,0,2020-04-08
Marin,126.0,7.0,1,0,2020-04-09
Marin,128.0,10.0,2,3,2020-04-10
Marin,136.0,10.0,8,0,2020-04-11
Marin,138.0,10.0,2,0,2020-04-12
Marin,144.0,10.0,6,0,2020-04-13
Marin,147.0,10.0,3,0,2020-04-14
Marin,162.0,10.0,15,0,2020-04-15
Marin,170.0,10.0,8,0,2020-04-16
Marin,189.0,10.0,19,0,2020-04-17
Marin,193.0,10.0,4,0,2020-04-18
Marin,194.0,10.0,1,0,2020-04-19
Marin,200.0,10.0,6,0,2020-04-20
Marin,202.0,10.0,2,0,2020-04-21
Marin,202.0,11.0,0,1,2020-04-22
Marin,209.0,11.0,7,0,2020-04-23
Marin,211.0,11.0,2,0,2020-04-24
Marin,215.0,12.0,4,1,2020-04-25
Marin,225.0,12.0,10,0,2020-04-26
Marin,227.0,12.0,2,0,2020-04-27
Marin,228.0,12.0,1,0,2020-04-28
Marin,234.0,13.0,6,1,2020-04-29
Marin,240.0,13.0,6,0,2020-04-30
Marin,242.0,13.0,2,0,2020-05-01
Marin,243.0,13.0,1,0,2020-05-02
Marin,243.0,13.0,0,0,2020-05-03
Marin,244.0,13.0,1,0,2020-05-04
Marin,244.0,14.0,0,1,2020-05-05
Marin,244.0,14.0,0,0,2020-05-06
Marin,252.0,14.0,8,0,2020-05-07
Marin,257.0,14.0,5,0,2020-05-08
Marin,261.0,14.0,4,0,2020-05-09
Marin,267.0,14.0,6,0,2020-05-10
Marin,271.0,14.0,4,0,2020-05-11
Marin,274.0,14.0,3,0,2020-05-12
Marin,278.0,14.0,4,0,2020-05-13
Marin,283.0,14.0,5,0,2020-05-14
Marin,295.0,14.0,12,0,2020-05-15
Marin,297.0,14.0,2,0,2020-05-16
Marin,315.0,14.0,18,0,2020-05-17
Marin,329.0,14.0,14,0,2020-05-18
Marin,340.0,14.0,11,0,2020-05-19
Marin,348.0,14.0,8,0,2020-05-20
Marin,359.0,14.0,11,0,2020-05-21
Marin,372.0,14.0,13,0,2020-05-22
Marin,393.0,14.0,21,0,2020-05-23
Marin,401.0,14.0,8,0,2020-05-24
Marin,415.0,14.0,14,0,2020-05-25
Marin,424.0,14.0,9,0,2020-05-26
Marin,439.0,14.0,15,0,2020-05-27
Marin,443.0,14.0,4,0,2020-05-28
Marin,448.0,14.0,5,0,2020-05-29
Marin,462.0,14.0,14,0,2020-05-30
Marin,486.0,14.0,24,0,2020-05-31
Marin,495.0,15.0,9,1,2020-06-01
Marin,509.0,17.0,14,2,2020-06-02
Marin,527.0,17.0,18,0,2020-06-03
Marin,533.0,17.0,6,0,2020-06-04
Marin,546.0,17.0,13,0,2020-06-05
Marin,556.0,17.0,10,0,2020-06-06
Marin,584.0,17.0,28,0,2020-06-07
Marin,596.0,17.0,12,0,2020-06-08
Marin,616.0,17.0,20,0,2020-06-09
Marin,633.0,17.0,17,0,2020-06-10
Marin,637.0,17.0,4,0,2020-06-11
Marin,649.0,17.0,12,0,2020-06-12
Marin,677.0,17.0,28,0,2020-06-13
Marin,689.0,17.0,12,0,2020-06-14
Marin,708.0,17.0,19,0,2020-06-15
Marin,725.0,18.0,17,1,2020-06-16
Marin,771.0,18.0,46,0,2020-06-17
Marin,819.0,18.0,48,0,2020-06-18
Marin,829.0,18.0,10,0,2020-06-19
Marin,879.0,18.0,50,0,2020-06-20
Marin,907.0,18.0,28,0,2020-06-21
Marin,1029.0,18.0,122,0,2020-06-22
Marin,1139.0,18.0,110,0,2020-06-23
Marin,1261.0,18.0,122,0,2020-06-24
Marin,1323.0,18.0,62,0,2020-06-25
Marin,1411.0,18.0,88,0,2020-06-26
Marin,1498.0,18.0,87,0,2020-06-27
Marin,1505.0,18.0,7,0,2020-06-28
Marin,1581.0,18.0,76,0,2020-06-29
Marin,1628.0,18.0,47,0,2020-06-30
Marin,1639.0,18.0,11,0,2020-07-01
Marin,1706.0,19.0,67,1,2020-07-02
Marin,1776.0,19.0,70,0,2020-07-03
Marin,1962.0,19.0,186,0,2020-07-04
Marin,2080.0,19.0,118,0,2020-07-05
Marin,2136.0,19.0,56,0,2020-07-06
Marin,2627.0,20.0,491,1,2020-07-07
Marin,2756.0,23.0,129,3,2020-07-08
Marin,2975.0,23.0,219,0,2020-07-09
Marin,3101.0,23.0,126,0,2020-07-10
Marin,3191.0,23.0,90,0,2020-07-11
Marin,3358.0,23.0,167,0,2020-07-12
Marin,3402.0,28.0,44,5,2020-07-13
Marin,3451.0,28.0,49,0,2020-07-14
Marin,3458.0,28.0,7,0,2020-07-15
Marin,3546.0,29.0,88,1,2020-07-16
Marin,3839.0,29.0,293,0,2020-07-17
Marin,4089.0,30.0,250,1,2020-07-18
Marin,4172.0,30.0,83,0,2020-07-19
Marin,4255.0,31.0,83,1,2020-07-20
Marin,4318.0,34.0,63,3,2020-07-21
Marin,4373.0,35.0,55,1,2020-07-22
Marin,4423.0,35.0,50,0,2020-07-23
Marin,4517.0,54.0,94,19,2020-07-24
Marin,4562.0,54.0,45,0,2020-07-25
Marin,4595.0,54.0,33,0,2020-07-26
Marin,4669.0,54.0,74,0,2020-07-27
Marin,4698.0,61.0,29,7,2020-07-28
Marin,4747.0,64.0,49,3,2020-07-29
Marin,4835.0,64.0,88,0,2020-07-30
Marin,4885.0,70.0,50,6,2020-07-31
Marin,4945.0,70.0,60,0,2020-08-01
Marin,4985.0,70.0,40,0,2020-08-02
Marin,5001.0,70.0,16,0,2020-08-03
Marin,5020.0,76.0,19,6,2020-08-04
Marin,5036.0,77.0,16,1,2020-08-05
Marin,5058.0,78.0,22,1,2020-08-06
Marin,5094.0,78.0,36,0,2020-08-07
Marin,5118.0,78.0,24,0,2020-08-08
Marin,5204.0,78.0,86,0,2020-08-09
Marin,5242.0,81.0,38,3,2020-08-10
Marin,5287.0,81.0,45,0,2020-08-11
Marin,5423.0,81.0,136,0,2020-08-12
Marin,5503.0,82.0,80,1,2020-08-13
Marin,5601.0,82.0,98,0,2020-08-14
Marin,5628.0,82.0,27,0,2020-08-15
Marin,5664.0,82.0,36,0,2020-08-16
Marin,5683.0,83.0,19,1,2020-08-17
Marin,5708.0,83.0,25,0,2020-08-18
Marin,5723.0,83.0,15,0,2020-08-19
Marin,5745.0,84.0,22,1,2020-08-20
Marin,5762.0,85.0,17,1,2020-08-21
Marin,5789.0,85.0,27,0,2020-08-22
Marin,5807.0,85.0,18,0,2020-08-23
Marin,5834.0,94.0,27,9,2020-08-24
Marin,5860.0,95.0,26,1,2020-08-25
Marin,5887.0,95.0,27,0,2020-08-26
Marin,5929.0,94.0,42,-1,2020-08-27
Marin,5991.0,94.0,62,0,2020-08-28
Marin,6007.0,95.0,16,1,2020-08-29
Marin,6060.0,95.0,53,0,2020-08-30
Marin,6074.0,96.0,14,1,2020-08-31
Marin,6102.0,96.0,28,0,2020-09-01
Marin,6131.0,96.0,29,0,2020-09-02
Marin,6175.0,96.0,44,0,2020-09-03
Marin,6251.0,96.0,76,0,2020-09-04
Marin,6259.0,96.0,8,0,2020-09-05
Marin,6276.0,96.0,17,0,2020-09-06
Marin,6296.0,96.0,20,0,2020-09-07
Marin,6313.0,99.0,17,3,2020-09-08
Marin,6321.0,99.0,8,0,2020-09-09
Marin,6344.0,99.0,23,0,2020-09-10
Marin,6364.0,99.0,20,0,2020-09-11
Marin,6393.0,99.0,29,0,2020-09-12
Marin,6395.0,99.0,2,0,2020-09-13
Marin,6409.0,99.0,14,0,2020-09-14
Marin,6423.0,106.0,14,7,2020-09-15
Marin,6430.0,111.0,7,5,2020-09-16
Marin,6457.0,112.0,27,1,2020-09-17
Marin,6475.0,112.0,18,0,2020-09-18
Marin,6513.0,112.0,38,0,2020-09-19
Marin,6533.0,112.0,20,0,2020-09-20
Marin,6538.0,113.0,5,1,2020-09-21
Marin,6561.0,114.0,23,1,2020-09-22
Marin,6567.0,114.0,6,0,2020-09-23
Marin,6588.0,116.0,21,2,2020-09-24
Marin,6622.0,117.0,34,1,2020-09-25
Marin,6641.0,118.0,19,1,2020-09-26
Marin,6663.0,118.0,22,0,2020-09-27
Marin,6676.0,118.0,13,0,2020-09-28
Marin,6692.0,119.0,16,1,2020-09-29
Marin,6700.0,119.0,8,0,2020-09-30
Marin,6710.0,119.0,10,0,2020-10-01
Marin,6717.0,119.0,7,0,2020-10-02
Marin,6728.0,119.0,11,0,2020-10-03
Marin,6741.0,119.0,13,0,2020-10-04
Marin,6751.0,119.0,10,0,2020-10-05
Marin,6766.0,123.0,15,4,2020-10-06
Marin,6790.0,124.0,24,1,2020-10-07
Marin,6810.0,124.0,20,0,2020-10-08
Marin,6838.0,124.0,28,0,2020-10-09
Marin,6852.0,124.0,14,0,2020-10-10
Marin,6870.0,124.0,18,0,2020-10-11
Marin,6886.0,124.0,16,0,2020-10-12
Marin,6900.0,124.0,14,0,2020-10-13
Marin,6907.0,124.0,7,0,2020-10-14
Marin,6912.0,124.0,5,0,2020-10-15
Marin,6933.0,124.0,21,0,2020-10-16
Marin,6958.0,124.0,25,0,2020-10-17
Marin,6969.0,124.0,11,0,2020-10-18
Marin,6981.0,127.0,12,3,2020-10-19
Marin,6994.0,127.0,13,0,2020-10-20
Marin,7002.0,128.0,8,1,2020-10-21
Marin,7014.0,128.0,12,0,2020-10-22
Marin,7029.0,128.0,15,0,2020-10-23
Marin,7042.0,128.0,13,0,2020-10-24
Marin,7052.0,128.0,10,0,2020-10-25
Marin,7064.0,129.0,12,1,2020-10-26
Marin,7070.0,127.0,6,-2,2020-10-27
Marin,7079.0,127.0,9,0,2020-10-28
Marin,7083.0,127.0,4,0,2020-10-29
Marin,7097.0,127.0,14,0,2020-10-30
Marin,7112.0,127.0,15,0,2020-10-31
Marin,7124.0,127.0,12,0,2020-11-01
Marin,7132.0,127.0,8,0,2020-11-02
Marin,7147.0,127.0,15,0,2020-11-03
Marin,7157.0,127.0,10,0,2020-11-04
Marin,7171.0,127.0,14,0,2020-11-05
Marin,7184.0,127.0,13,0,2020-11-06
Marin,7208.0,127.0,24,0,2020-11-07
Marin,7227.0,127.0,19,0,2020-11-08
Marin,7237.0,127.0,10,0,2020-11-09
Marin,7259.0,127.0,22,0,2020-11-10
Marin,7268.0,127.0,9,0,2020-11-11
Marin,7268.0,127.0,0,0,2020-11-12
Marin,7307.0,127.0,39,0,2020-11-13
Marin,7325.0,127.0,18,0,2020-11-14
Marin,7347.0,127.0,22,0,2020-11-15
Marin,7359.0,128.0,12,1,2020-11-16
Marin,7404.0,128.0,45,0,2020-11-17
Marin,7435.0,128.0,31,0,2020-11-18
Marin,7451.0,128.0,16,0,2020-11-19
Marin,7467.0,128.0,16,0,2020-11-20
Marin,7488.0,128.0,21,0,2020-11-21
Marin,7506.0,128.0,18,0,2020-11-22
Marin,7543.0,128.0,37,0,2020-11-23
Marin,7591.0,129.0,48,1,2020-11-24
Marin,7601.0,129.0,10,0,2020-11-25
Marin,7610.0,129.0,9,0,2020-11-26
Marin,7660.0,129.0,50,0,2020-11-27
Marin,7696.0,129.0,36,0,2020-11-28
Marin,7739.0,129.0,43,0,2020-11-29
Marin,7764.0,129.0,25,0,2020-11-30
Marin,7787.0,129.0,23,0,2020-12-01
Marin,7819.0,129.0,32,0,2020-12-02
Marin,7861.0,130.0,42,1,2020-12-03
Marin,7896.0,131.0,35,1,2020-12-04
Marin,7961.0,131.0,65,0,2020-12-05
Marin,8013.0,132.0,52,1,2020-12-06
Marin,8049.0,132.0,36,0,2020-12-07
Marin,8099.0,132.0,50,0,2020-12-08
Marin,8182.0,132.0,83,0,2020-12-09
Marin,8245.0,132.0,63,0,2020-12-10
Marin,8317.0,132.0,72,0,2020-12-11
Marin,8363.0,132.0,46,0,2020-12-12
Marin,8409.0,134.0,46,2,2020-12-13
Marin,8475.0,134.0,66,0,2020-12-14
San Diego,40.0,0.0,40,0,2020-03-18
San Diego,68.0,0.0,28,0,2020-03-19
San Diego,98.0,0.0,30,0,2020-03-20
San Diego,119.0,0.0,21,0,2020-03-21
San Diego,159.0,0.0,40,0,2020-03-22
San Diego,176.0,1.0,17,1,2020-03-23
San Diego,229.0,2.0,53,1,2020-03-24
San Diego,236.0,2.0,7,0,2020-03-25
San Diego,297.0,2.0,61,0,2020-03-26
San Diego,419.0,5.0,122,3,2020-03-27
San Diego,490.0,7.0,71,2,2020-03-28
San Diego,521.0,7.0,31,0,2020-03-29
San Diego,605.0,7.0,84,0,2020-03-30
San Diego,736.0,9.0,131,2,2020-03-31
San Diego,851.0,11.0,115,2,2020-04-01
San Diego,968.0,16.0,117,5,2020-04-02
San Diego,1114.0,17.0,146,1,2020-04-03
San Diego,1211.0,18.0,97,1,2020-04-04
San Diego,1328.0,19.0,117,1,2020-04-05
San Diego,1406.0,19.0,78,0,2020-04-06
San Diego,1456.0,31.0,50,12,2020-04-07
San Diego,1532.0,36.0,76,5,2020-04-08
San Diego,1630.0,40.0,98,4,2020-04-09
San Diego,1695.0,54.0,65,14,2020-04-10
San Diego,1763.0,54.0,68,0,2020-04-11
San Diego,1806.0,55.0,43,1,2020-04-12
San Diego,1849.0,66.0,43,11,2020-04-13
San Diego,1932.0,67.0,83,1,2020-04-14
San Diego,2014.0,67.0,82,0,2020-04-15
San Diego,2089.0,77.0,75,10,2020-04-16
San Diego,2160.0,83.0,71,6,2020-04-17
San Diego,2215.0,83.0,55,0,2020-04-18
San Diego,2270.0,83.0,55,0,2020-04-19
San Diego,2327.0,102.0,57,19,2020-04-20
San Diego,2436.0,109.0,109,7,2020-04-21
San Diego,2493.0,112.0,57,3,2020-04-22
San Diego,2645.0,112.0,152,0,2020-04-23
San Diego,2828.0,119.0,183,7,2020-04-24
San Diego,2945.0,119.0,117,0,2020-04-25
San Diego,3045.0,123.0,100,4,2020-04-26
San Diego,3143.0,128.0,98,5,2020-04-27
San Diego,3316.0,133.0,173,5,2020-04-28
San Diego,3434.0,140.0,118,7,2020-04-29
San Diego,3566.0,143.0,132,3,2020-04-30
San Diego,3713.0,150.0,147,7,2020-05-01
San Diego,3844.0,150.0,131,0,2020-05-02
San Diego,3929.0,150.0,85,0,2020-05-03
San Diego,4022.0,162.0,93,12,2020-05-04
San Diego,4162.0,173.0,140,11,2020-05-05
San Diego,4321.0,186.0,159,13,2020-05-06
San Diego,4431.0,189.0,110,3,2020-05-07
San Diego,4664.0,194.0,233,5,2020-05-08
San Diego,4778.0,194.0,114,0,2020-05-09
San Diego,4928.0,194.0,150,0,2020-05-10
San Diego,5067.0,204.0,139,10,2020-05-11
San Diego,5163.0,217.0,96,13,2020-05-12
San Diego,5280.0,223.0,117,6,2020-05-13
San Diego,5393.0,231.0,113,8,2020-05-14
San Diego,5525.0,235.0,132,4,2020-05-15
San Diego,5664.0,235.0,139,0,2020-05-16
San Diego,5838.0,242.0,174,7,2020-05-17
San Diego,5948.0,242.0,110,0,2020-05-18
San Diego,6028.0,242.0,80,0,2020-05-19
San Diego,6142.0,262.0,114,20,2020-05-20
San Diego,6317.0,262.0,175,0,2020-05-21
San Diego,6436.0,271.0,119,9,2020-05-22
San Diego,6561.0,275.0,125,4,2020-05-23
San Diego,6703.0,275.0,142,0,2020-05-24
San Diego,6799.0,275.0,96,0,2020-05-25
San Diego,6884.0,290.0,85,15,2020-05-26
San Diego,6985.0,297.0,101,7,2020-05-27
San Diego,7102.0,307.0,117,10,2020-05-28
San Diego,7242.0,312.0,140,5,2020-05-29
San Diego,7387.0,312.0,145,0,2020-05-30
San Diego,7483.0,312.0,96,0,2020-05-31
San Diego,7556.0,312.0,73,0,2020-06-01
San Diego,7676.0,312.0,120,0,2020-06-02
San Diego,7800.0,312.0,124,0,2020-06-03
San Diego,7942.0,312.0,142,0,2020-06-04
San Diego,8182.0,312.0,240,0,2020-06-05
San Diego,8347.0,312.0,165,0,2020-06-06
San Diego,8478.0,312.0,131,0,2020-06-07
San Diego,8621.0,312.0,143,0,2020-06-08
San Diego,8731.0,312.0,110,0,2020-06-09
San Diego,8839.0,312.0,108,0,2020-06-10
San Diego,9000.0,312.0,161,0,2020-06-11
San Diego,9132.0,312.0,132,0,2020-06-12
San Diego,9316.0,320.0,184,8,2020-06-13
San Diego,9442.0,320.0,126,0,2020-06-14
San Diego,9612.0,320.0,170,0,2020-06-15
San Diego,9732.0,323.0,120,3,2020-06-16
San Diego,9856.0,327.0,124,4,2020-06-17
San Diego,10094.0,331.0,238,4,2020-06-18
San Diego,10352.0,332.0,258,1,2020-06-19
San Diego,10486.0,338.0,134,6,2020-06-20
San Diego,10796.0,338.0,310,0,2020-06-21
San Diego,11098.0,338.0,302,0,2020-06-22
San Diego,11296.0,338.0,198,0,2020-06-23
San Diego,11628.0,347.0,332,9,2020-06-24
San Diego,11963.0,352.0,335,5,2020-06-25
San Diego,12402.0,358.0,439,6,2020-06-26
San Diego,12836.0,360.0,434,2,2020-06-27
San Diego,13333.0,361.0,497,1,2020-06-28
San Diego,13834.0,361.0,501,0,2020-06-29
San Diego,14150.0,365.0,316,4,2020-06-30
San Diego,14626.0,372.0,476,7,2020-07-01
San Diego,15208.0,377.0,582,5,2020-07-02
San Diego,15698.0,387.0,490,10,2020-07-03
San Diego,16166.0,387.0,468,0,2020-07-04
San Diego,16728.0,387.0,562,0,2020-07-05
San Diego,17002.0,387.0,274,0,2020-07-06
San Diego,17580.0,399.0,578,12,2020-07-07
San Diego,17844.0,406.0,264,7,2020-07-08
San Diego,18404.0,415.0,560,9,2020-07-09
San Diego,18862.0,420.0,458,5,2020-07-10
San Diego,19371.0,422.0,509,2,2020-07-11
San Diego,19929.0,422.0,558,0,2020-07-12
San Diego,20348.0,422.0,419,0,2020-07-13
San Diego,20887.0,436.0,539,14,2020-07-14
San Diego,21448.0,448.0,561,12,2020-07-15
San Diego,21857.0,465.0,409,17,2020-07-16
San Diego,22491.0,472.0,634,7,2020-07-17
San Diego,23116.0,478.0,625,6,2020-07-18
San Diego,23684.0,478.0,568,0,2020-07-19
San Diego,24137.0,478.0,453,0,2020-07-20
San Diego,24522.0,487.0,385,9,2020-07-21
San Diego,25109.0,505.0,587,18,2020-07-22
San Diego,25615.0,512.0,506,7,2020-07-23
San Diego,26100.0,524.0,485,12,2020-07-24
San Diego,26703.0,533.0,603,9,2020-07-25
San Diego,26986.0,533.0,283,0,2020-07-26
San Diego,27509.0,533.0,523,0,2020-07-27
San Diego,28007.0,547.0,498,14,2020-07-28
San Diego,28289.0,552.0,282,5,2020-07-29
San Diego,28670.0,558.0,381,6,2020-07-30
San Diego,29050.0,561.0,380,3,2020-07-31
San Diego,29579.0,565.0,529,4,2020-08-01
San Diego,29885.0,565.0,306,0,2020-08-02
San Diego,30228.0,565.0,343,0,2020-08-03
San Diego,30518.0,568.0,290,3,2020-08-04
San Diego,30866.0,578.0,348,10,2020-08-05
San Diego,31129.0,583.0,263,5,2020-08-06
San Diego,31781.0,586.0,652,3,2020-08-07
San Diego,32332.0,593.0,551,7,2020-08-08
San Diego,32749.0,594.0,417,1,2020-08-09
San Diego,32977.0,594.0,228,0,2020-08-10
San Diego,33159.0,602.0,182,8,2020-08-11
San Diego,33395.0,608.0,236,6,2020-08-12
San Diego,33661.0,615.0,266,7,2020-08-13
San Diego,34067.0,622.0,406,7,2020-08-14
San Diego,34346.0,626.0,279,4,2020-08-15
San Diego,34680.0,626.0,334,0,2020-08-16
San Diego,34962.0,626.0,282,0,2020-08-17
San Diego,35164.0,633.0,202,7,2020-08-18
San Diego,35378.0,638.0,214,5,2020-08-19
San Diego,35610.0,644.0,232,6,2020-08-20
San Diego,35914.0,652.0,304,8,2020-08-21
San Diego,36205.0,660.0,291,8,2020-08-22
San Diego,36542.0,660.0,337,0,2020-08-23
San Diego,36729.0,660.0,187,0,2020-08-24
San Diego,36996.0,665.0,267,5,2020-08-25
San Diego,37224.0,668.0,228,3,2020-08-26
San Diego,37501.0,673.0,277,5,2020-08-27
San Diego,37786.0,676.0,285,3,2020-08-28
San Diego,38049.0,679.0,263,3,2020-08-29
San Diego,38302.0,682.0,253,3,2020-08-30
San Diego,38606.0,682.0,304,0,2020-08-31
San Diego,38873.0,688.0,267,6,2020-09-01
San Diego,39123.0,695.0,250,7,2020-09-02
San Diego,39448.0,700.0,325,5,2020-09-03
San Diego,39901.0,701.0,453,1,2020-09-04
San Diego,40344.0,704.0,443,3,2020-09-05
San Diego,40652.0,704.0,308,0,2020-09-06
San Diego,40868.0,707.0,216,3,2020-09-07
San Diego,41079.0,709.0,211,2,2020-09-08
San Diego,41326.0,709.0,247,0,2020-09-09
San Diego,41610.0,725.0,284,16,2020-09-10
San Diego,41971.0,730.0,361,5,2020-09-11
San Diego,42416.0,734.0,445,4,2020-09-12
San Diego,42681.0,734.0,265,0,2020-09-13
San Diego,42889.0,734.0,208,0,2020-09-14
San Diego,43183.0,742.0,294,8,2020-09-15
San Diego,43447.0,748.0,264,6,2020-09-16
San Diego,43621.0,754.0,174,6,2020-09-17
San Diego,44009.0,757.0,388,3,2020-09-18
San Diego,44295.0,760.0,286,3,2020-09-19
San Diego,44579.0,760.0,284,0,2020-09-20
San Diego,44927.0,760.0,348,0,2020-09-21
San Diego,45149.0,765.0,222,5,2020-09-22
San Diego,45427.0,767.0,278,2,2020-09-23
San Diego,45598.0,773.0,171,6,2020-09-24
San Diego,46003.0,775.0,405,2,2020-09-25
San Diego,46333.0,775.0,330,0,2020-09-26
San Diego,46612.0,776.0,279,1,2020-09-27
San Diego,46736.0,776.0,124,0,2020-09-28
San Diego,46987.0,781.0,251,5,2020-09-29
San Diego,47182.0,783.0,195,2,2020-09-30
San Diego,47487.0,792.0,305,9,2020-10-01
San Diego,47793.0,794.0,306,2,2020-10-02
San Diego,48202.0,798.0,409,4,2020-10-03
San Diego,48438.0,803.0,236,5,2020-10-04
San Diego,48662.0,803.0,224,0,2020-10-05
San Diego,48823.0,806.0,161,3,2020-10-06
San Diego,49177.0,813.0,354,7,2020-10-07
San Diego,49468.0,819.0,291,6,2020-10-08
San Diego,49825.0,821.0,357,2,2020-10-09
San Diego,50145.0,825.0,320,4,2020-10-10
San Diego,50553.0,826.0,408,1,2020-10-11
San Diego,50748.0,826.0,195,0,2020-10-12
San Diego,51026.0,840.0,278,14,2020-10-13
San Diego,51329.0,844.0,303,4,2020-10-14
San Diego,51472.0,847.0,143,3,2020-10-15
San Diego,51785.0,850.0,313,3,2020-10-16
San Diego,51986.0,853.0,201,3,2020-10-17
San Diego,52359.0,853.0,373,0,2020-10-18
San Diego,52739.0,853.0,380,0,2020-10-19
San Diego,53004.0,857.0,265,4,2020-10-20
San Diego,53279.0,863.0,275,6,2020-10-21
San Diego,53514.0,863.0,235,0,2020-10-22
San Diego,53944.0,867.0,430,4,2020-10-23
San Diego,54330.0,868.0,386,1,2020-10-24
San Diego,54599.0,870.0,269,2,2020-10-25
San Diego,54957.0,870.0,358,0,2020-10-26
San Diego,55226.0,877.0,269,7,2020-10-27
San Diego,55556.0,881.0,330,4,2020-10-28
San Diego,55916.0,885.0,360,4,2020-10-29
San Diego,56387.0,888.0,471,3,2020-10-30
San Diego,56769.0,891.0,382,3,2020-10-31
San Diego,57122.0,891.0,353,0,2020-11-01
San Diego,57429.0,891.0,307,0,2020-11-02
San Diego,57722.0,901.0,293,10,2020-11-03
San Diego,58126.0,904.0,404,3,2020-11-04
San Diego,58659.0,904.0,533,0,2020-11-05
San Diego,59143.0,907.0,484,3,2020-11-06
San Diego,59655.0,908.0,512,1,2020-11-07
San Diego,60199.0,908.0,544,0,2020-11-08
San Diego,60572.0,908.0,373,0,2020-11-09
San Diego,61085.0,915.0,513,7,2020-11-10
San Diego,61746.0,915.0,661,0,2020-11-11
San Diego,62336.0,918.0,590,3,2020-11-12
San Diego,62978.0,921.0,642,3,2020-11-13
San Diego,63715.0,926.0,737,5,2020-11-14
San Diego,64770.0,926.0,1055,0,2020-11-15
San Diego,65603.0,926.0,833,0,2020-11-16
San Diego,66321.0,933.0,718,7,2020-11-17
San Diego,67243.0,945.0,922,12,2020-11-18
San Diego,68142.0,952.0,899,7,2020-11-19
San Diego,69233.0,960.0,1091,8,2020-11-20
San Diego,70711.0,966.0,1478,6,2020-11-21
San Diego,71649.0,968.0,938,2,2020-11-22
San Diego,72817.0,968.0,1168,0,2020-11-23
San Diego,74363.0,984.0,1546,16,2020-11-24
San Diego,75307.0,988.0,944,4,2020-11-25
San Diego,76359.0,996.0,1052,8,2020-11-26
San Diego,78161.0,996.0,1802,0,2020-11-27
San Diego,80020.0,996.0,1859,0,2020-11-28
San Diego,81086.0,997.0,1066,1,2020-11-29
San Diego,82045.0,997.0,959,0,2020-11-30
San Diego,83423.0,1019.0,1378,22,2020-12-01
San Diego,84640.0,1035.0,1217,16,2020-12-02
San Diego,86144.0,1040.0,1504,5,2020-12-03
San Diego,88183.0,1047.0,2039,7,2020-12-04
San Diego,90470.0,1055.0,2287,8,2020-12-05
San Diego,92173.0,1062.0,1703,7,2020-12-06
San Diego,94171.0,1062.0,1998,0,2020-12-07
San Diego,95447.0,1088.0,1276,26,2020-12-08
San Diego,97551.0,1103.0,2104,15,2020-12-09
San Diego,99601.0,1103.0,2050,0,2020-12-10
San Diego,102468.0,1137.0,2867,34,2020-12-11
San Diego,104958.0,1151.0,2490,14,2020-12-12
San Diego,107372.0,1162.0,2414,11,2020-12-13
San Diego,109578.0,1162.0,2206,0,2020-12-14
Out Of Country,0.0,0.0,0,0,2020-03-30
Out Of Country,0.0,0.0,0,0,2020-04-13
Out Of Country,0.0,0.0,0,0,2020-04-14
Out Of Country,0.0,0.0,0,0,2020-04-15
Out Of Country,0.0,0.0,0,0,2020-04-16
Out Of Country,0.0,0.0,0,0,2020-04-17
Out Of Country,0.0,0.0,0,0,2020-04-18
Out Of Country,0.0,0.0,0,0,2020-04-19
Out Of Country,0.0,0.0,0,0,2020-04-20
Out Of Country,0.0,0.0,0,0,2020-04-21
Out Of Country,0.0,0.0,0,0,2020-04-22
Out Of Country,0.0,0.0,0,0,2020-04-23
Out Of Country,0.0,0.0,0,0,2020-04-24
Out Of Country,0.0,0.0,0,0,2020-04-25
Out Of Country,0.0,0.0,0,0,2020-04-26
Out Of Country,0.0,0.0,0,0,2020-04-27
Out Of Country,0.0,0.0,0,0,2020-04-28
Out Of Country,0.0,0.0,0,0,2020-04-29
Out Of Country,0.0,0.0,0,0,2020-04-30
Out Of Country,0.0,0.0,0,0,2020-05-01
Out Of Country,0.0,0.0,0,0,2020-05-02
Out Of Country,0.0,0.0,0,0,2020-05-03
Out Of Country,0.0,0.0,0,0,2020-05-04
Out Of Country,0.0,0.0,0,0,2020-05-05
Out Of Country,0.0,0.0,0,0,2020-05-06
Out Of Country,0.0,0.0,0,0,2020-05-07
Out Of Country,0.0,0.0,0,0,2020-05-08
Out Of Country,0.0,0.0,0,0,2020-05-09
Out Of Country,0.0,0.0,0,0,2020-05-10
Out Of Country,0.0,0.0,0,0,2020-05-11
Out Of Country,0.0,0.0,0,0,2020-05-12
Out Of Country,0.0,0.0,0,0,2020-05-13
Out Of Country,0.0,0.0,0,0,2020-05-14
Out Of Country,0.0,0.0,0,0,2020-05-15
Out Of Country,0.0,0.0,0,0,2020-05-16
Out Of Country,0.0,0.0,0,0,2020-05-17
Out Of Country,0.0,0.0,0,0,2020-05-18
Out Of Country,0.0,0.0,0,0,2020-05-19
Out Of Country,0.0,0.0,0,0,2020-05-20
Out Of Country,0.0,0.0,0,0,2020-05-21
Out Of Country,0.0,0.0,0,0,2020-05-22
Out Of Country,0.0,0.0,0,0,2020-05-23
Out Of Country,0.0,0.0,0,0,2020-05-24
Out Of Country,0.0,0.0,0,0,2020-05-25
Out Of Country,0.0,0.0,0,0,2020-05-26
Out Of Country,0.0,0.0,0,0,2020-05-27
Out Of Country,0.0,0.0,0,0,2020-05-28
Out Of Country,0.0,0.0,0,0,2020-05-29
Out Of Country,0.0,0.0,0,0,2020-05-30
Out Of Country,0.0,0.0,0,0,2020-05-31
Out Of Country,0.0,0.0,0,0,2020-06-01
Out Of Country,0.0,0.0,0,0,2020-06-02
Out Of Country,0.0,0.0,0,0,2020-06-03
Out Of Country,0.0,0.0,0,0,2020-06-04
Out Of Country,0.0,0.0,0,0,2020-06-05
Out Of Country,0.0,0.0,0,0,2020-06-06
Out Of Country,0.0,0.0,0,0,2020-06-07
Out Of Country,0.0,0.0,0,0,2020-06-08
Out Of Country,0.0,0.0,0,0,2020-06-09
Out Of Country,0.0,0.0,0,0,2020-06-10
Out Of Country,0.0,0.0,0,0,2020-06-11
Out Of Country,0.0,0.0,0,0,2020-06-12
Out Of Country,0.0,0.0,0,0,2020-06-13
Out Of Country,0.0,0.0,0,0,2020-06-14
Out Of Country,0.0,0.0,0,0,2020-06-15
Out Of Country,0.0,0.0,0,0,2020-06-16
Out Of Country,0.0,0.0,0,0,2020-06-17
Out Of Country,0.0,0.0,0,0,2020-06-18
Out Of Country,0.0,0.0,0,0,2020-06-19
Out Of Country,0.0,0.0,0,0,2020-06-20
Out Of Country,0.0,0.0,0,0,2020-06-21
Out Of Country,0.0,0.0,0,0,2020-06-22
Out Of Country,0.0,0.0,0,0,2020-06-23
Out Of Country,0.0,0.0,0,0,2020-06-24
Out Of Country,0.0,0.0,0,0,2020-06-25
Out Of Country,0.0,0.0,0,0,2020-06-26
Out Of Country,0.0,0.0,0,0,2020-06-27
Out Of Country,0.0,0.0,0,0,2020-06-28
Out Of Country,0.0,0.0,0,0,2020-06-29
Out Of Country,0.0,0.0,0,0,2020-06-30
Out Of Country,,0.0,0,0,2020-07-01
Out Of Country,0.0,0.0,0,0,2020-07-02
Out Of Country,0.0,0.0,0,0,2020-07-03
Out Of Country,0.0,0.0,0,0,2020-07-04
Out Of Country,0.0,0.0,0,0,2020-07-05
Out Of Country,0.0,0.0,0,0,2020-07-06
Out Of Country,0.0,0.0,0,0,2020-07-07
Out Of Country,0.0,0.0,0,0,2020-07-08
Out Of Country,0.0,0.0,0,0,2020-07-09
Out Of Country,0.0,0.0,0,0,2020-07-10
Out Of Country,0.0,0.0,0,0,2020-07-11
Out Of Country,0.0,0.0,0,0,2020-07-12
Out Of Country,0.0,0.0,0,0,2020-07-13
Out Of Country,0.0,0.0,0,0,2020-07-14
Out Of Country,0.0,0.0,0,0,2020-07-15
Out Of Country,0.0,0.0,0,0,2020-07-16
Out Of Country,0.0,0.0,0,0,2020-07-17
Out Of Country,0.0,0.0,0,0,2020-07-18
Out Of Country,0.0,0.0,0,0,2020-07-19
Out Of Country,0.0,0.0,0,0,2020-07-20
Out Of Country,0.0,0.0,0,0,2020-07-21
Out Of Country,0.0,0.0,0,0,2020-07-22
Out Of Country,0.0,0.0,0,0,2020-07-23
Out Of Country,0.0,0.0,0,0,2020-07-24
Out Of Country,0.0,0.0,0,0,2020-07-25
Out Of Country,0.0,0.0,0,0,2020-07-26
Out Of Country,0.0,0.0,0,0,2020-07-27
Out Of Country,0.0,0.0,0,0,2020-07-28
Out Of Country,0.0,0.0,0,0,2020-07-29
Out Of Country,0.0,0.0,0,0,2020-07-30
Out Of Country,0.0,0.0,0,0,2020-07-31
Out Of Country,0.0,0.0,0,0,2020-08-01
Out Of Country,0.0,0.0,0,0,2020-08-02
Out Of Country,0.0,0.0,0,0,2020-08-03
Out Of Country,0.0,0.0,0,0,2020-08-04
Out Of Country,0.0,0.0,0,0,2020-08-05
Out Of Country,0.0,0.0,0,0,2020-08-06
Out Of Country,0.0,0.0,0,0,2020-08-07
Out Of Country,0.0,0.0,0,0,2020-08-08
Out Of Country,0.0,0.0,0,0,2020-08-09
Out Of Country,0.0,0.0,0,0,2020-08-10
Out Of Country,0.0,0.0,0,0,2020-08-11
Out Of Country,0.0,0.0,0,0,2020-08-12
Out Of Country,0.0,0.0,0,0,2020-08-13
Out Of Country,0.0,0.0,0,0,2020-08-14
Out Of Country,0.0,0.0,0,0,2020-08-15
Out Of Country,0.0,0.0,0,0,2020-08-16
Out Of Country,0.0,0.0,0,0,2020-08-17
Out Of Country,0.0,0.0,0,0,2020-08-18
Out Of Country,0.0,0.0,0,0,2020-08-19
Out Of Country,0.0,0.0,0,0,2020-08-20
Out Of Country,0.0,0.0,0,0,2020-08-21
Out Of Country,0.0,0.0,0,0,2020-08-22
Out Of Country,0.0,0.0,0,0,2020-08-23
Out Of Country,0.0,0.0,0,0,2020-08-24
Out Of Country,0.0,0.0,0,0,2020-08-25
Out Of Country,0.0,0.0,0,0,2020-08-26
Out Of Country,0.0,0.0,0,0,2020-08-27
Out Of Country,0.0,0.0,0,0,2020-08-28
Out Of Country,0.0,0.0,0,0,2020-08-29
Out Of Country,0.0,0.0,0,0,2020-08-30
Out Of Country,0.0,0.0,0,0,2020-08-31
Out Of Country,0.0,0.0,0,0,2020-09-01
Out Of Country,0.0,0.0,0,0,2020-09-02
Out Of Country,0.0,0.0,0,0,2020-09-03
Out Of Country,0.0,0.0,0,0,2020-09-04
Out Of Country,0.0,0.0,0,0,2020-09-05
Out Of Country,0.0,0.0,0,0,2020-09-06
Out Of Country,0.0,0.0,0,0,2020-09-07
Out Of Country,0.0,0.0,0,0,2020-09-08
Out Of Country,0.0,0.0,0,0,2020-09-09
Out Of Country,0.0,0.0,0,0,2020-09-10
Out Of Country,0.0,0.0,0,0,2020-09-11
Out Of Country,0.0,0.0,0,0,2020-09-12
Out Of Country,0.0,0.0,0,0,2020-09-13
Out Of Country,0.0,0.0,0,0,2020-09-14
Out Of Country,0.0,0.0,0,0,2020-09-15
Out Of Country,0.0,0.0,0,0,2020-09-16
Out Of Country,0.0,0.0,0,0,2020-09-17
Out Of Country,0.0,0.0,0,0,2020-09-18
Out Of Country,0.0,0.0,0,0,2020-09-19
Out Of Country,0.0,0.0,0,0,2020-09-20
Out Of Country,0.0,0.0,0,0,2020-09-21
Out Of Country,0.0,0.0,0,0,2020-09-22
Out Of Country,0.0,0.0,0,0,2020-09-23
Out Of Country,0.0,0.0,0,0,2020-09-24
Out Of Country,0.0,0.0,0,0,2020-09-25
Out Of Country,0.0,0.0,0,0,2020-09-26
Out Of Country,0.0,0.0,0,0,2020-09-27
Out Of Country,0.0,0.0,0,0,2020-09-28
Out Of Country,0.0,0.0,0,0,2020-09-29
Out Of Country,0.0,0.0,0,0,2020-09-30
Out Of Country,0.0,0.0,0,0,2020-10-01
Out Of Country,0.0,0.0,0,0,2020-10-02
Out Of Country,0.0,0.0,0,0,2020-10-03
Out Of Country,0.0,0.0,0,0,2020-10-04
Out Of Country,0.0,0.0,0,0,2020-10-05
Out Of Country,0.0,0.0,0,0,2020-10-06
Out Of Country,0.0,0.0,0,0,2020-10-07
Out Of Country,0.0,0.0,0,0,2020-10-08
Out Of Country,0.0,0.0,0,0,2020-10-09
Out Of Country,0.0,0.0,0,0,2020-10-10
Out Of Country,0.0,0.0,0,0,2020-10-11
Out Of Country,0.0,0.0,0,0,2020-10-12
Out Of Country,0.0,0.0,0,0,2020-10-13
Out Of Country,0.0,0.0,0,0,2020-10-14
Out Of Country,0.0,0.0,0,0,2020-10-15
Out Of Country,0.0,0.0,0,0,2020-10-16
Out Of Country,0.0,0.0,0,0,2020-10-17
Out Of Country,0.0,0.0,0,0,2020-10-18
Out Of Country,0.0,0.0,0,0,2020-10-19
Out Of Country,0.0,0.0,0,0,2020-10-20
Out Of Country,0.0,0.0,0,0,2020-10-21
Out Of Country,0.0,0.0,0,0,2020-10-22
Out Of Country,0.0,0.0,0,0,2020-10-23
Out Of Country,0.0,0.0,0,0,2020-10-24
Out Of Country,0.0,0.0,0,0,2020-10-25
Out Of Country,0.0,0.0,0,0,2020-10-26
Out Of Country,0.0,0.0,0,0,2020-10-27
Out Of Country,0.0,0.0,0,0,2020-10-28
Out Of Country,0.0,0.0,0,0,2020-10-29
Out Of Country,0.0,0.0,0,0,2020-10-30
Out Of Country,0.0,0.0,0,0,2020-10-31
Out Of Country,0.0,0.0,0,0,2020-11-01
Out Of Country,0.0,0.0,0,0,2020-11-02
Out Of Country,0.0,0.0,0,0,2020-11-03
Out Of Country,0.0,0.0,0,0,2020-11-04
Out Of Country,0.0,0.0,0,0,2020-11-05
Out Of Country,0.0,0.0,0,0,2020-11-06
Out Of Country,0.0,0.0,0,0,2020-11-07
Out Of Country,0.0,0.0,0,0,2020-11-08
Out Of Country,0.0,0.0,0,0,2020-11-09
Out Of Country,0.0,0.0,0,0,2020-11-10
Out Of Country,0.0,0.0,0,0,2020-11-11
Out Of Country,0.0,0.0,0,0,2020-11-12
Out Of Country,0.0,0.0,0,0,2020-11-13
Out Of Country,0.0,0.0,0,0,2020-11-14
Out Of Country,0.0,0.0,0,0,2020-11-15
Out Of Country,0.0,0.0,0,0,2020-11-16
Out Of Country,0.0,0.0,0,0,2020-11-17
Out Of Country,0.0,0.0,0,0,2020-11-18
Out Of Country,0.0,0.0,0,0,2020-11-19
Out Of Country,0.0,0.0,0,0,2020-11-20
Out Of Country,0.0,0.0,0,0,2020-11-21
Out Of Country,0.0,0.0,0,0,2020-11-22
Out Of Country,0.0,0.0,0,0,2020-11-23
Out Of Country,0.0,0.0,0,0,2020-11-24
Out Of Country,0.0,0.0,0,0,2020-11-25
Out Of Country,0.0,0.0,0,0,2020-11-26
Out Of Country,0.0,0.0,0,0,2020-11-27
Out Of Country,0.0,0.0,0,0,2020-11-28
Out Of Country,0.0,0.0,0,0,2020-11-29
Out Of Country,0.0,0.0,0,0,2020-11-30
Out Of Country,0.0,0.0,0,0,2020-12-01
Out Of Country,0.0,0.0,0,0,2020-12-02
Out Of Country,0.0,0.0,0,0,2020-12-03
Out Of Country,0.0,0.0,0,0,2020-12-04
Out Of Country,0.0,0.0,0,0,2020-12-05
Out Of Country,0.0,0.0,0,0,2020-12-06
Out Of Country,0.0,0.0,0,0,2020-12-07
Out Of Country,0.0,0.0,0,0,2020-12-08
Out Of Country,0.0,0.0,0,0,2020-12-09
Out Of Country,0.0,0.0,0,0,2020-12-10
Out Of Country,0.0,0.0,0,0,2020-12-11
Out Of Country,0.0,0.0,0,0,2020-12-12
Out Of Country,0.0,0.0,0,0,2020-12-13
Out Of Country,0.0,0.0,0,0,2020-12-14
Glenn,0.0,0.0,0,0,2020-03-18
Glenn,0.0,0.0,0,0,2020-03-19
Glenn,0.0,0.0,0,0,2020-03-20
Glenn,0.0,0.0,0,0,2020-03-21
Glenn,0.0,0.0,0,0,2020-03-22
Glenn,0.0,0.0,0,0,2020-03-23
Glenn,0.0,0.0,0,0,2020-03-24
Glenn,0.0,0.0,0,0,2020-03-25
Glenn,0.0,0.0,0,0,2020-03-26
Glenn,0.0,0.0,0,0,2020-03-27
Glenn,1.0,0.0,1,0,2020-03-28
Glenn,1.0,0.0,0,0,2020-03-29
Glenn,2.0,0.0,1,0,2020-03-30
Glenn,2.0,0.0,0,0,2020-03-31
Glenn,2.0,0.0,0,0,2020-04-01
Glenn,2.0,0.0,0,0,2020-04-02
Glenn,2.0,0.0,0,0,2020-04-03
Glenn,2.0,0.0,0,0,2020-04-04
Glenn,2.0,0.0,0,0,2020-04-05
Glenn,2.0,0.0,0,0,2020-04-06
Glenn,2.0,0.0,0,0,2020-04-07
Glenn,2.0,0.0,0,0,2020-04-08
Glenn,2.0,0.0,0,0,2020-04-09
Glenn,3.0,0.0,1,0,2020-04-10
Glenn,3.0,0.0,0,0,2020-04-11
Glenn,3.0,0.0,0,0,2020-04-12
Glenn,3.0,0.0,0,0,2020-04-13
Glenn,3.0,0.0,0,0,2020-04-14
Glenn,3.0,0.0,0,0,2020-04-15
Glenn,3.0,0.0,0,0,2020-04-16
Glenn,3.0,0.0,0,0,2020-04-17
Glenn,3.0,0.0,0,0,2020-04-18
Glenn,3.0,0.0,0,0,2020-04-19
Glenn,3.0,0.0,0,0,2020-04-20
Glenn,3.0,0.0,0,0,2020-04-21
Glenn,3.0,0.0,0,0,2020-04-22
Glenn,3.0,0.0,0,0,2020-04-23
Glenn,4.0,0.0,1,0,2020-04-24
Glenn,4.0,0.0,0,0,2020-04-25
Glenn,4.0,0.0,0,0,2020-04-26
Glenn,4.0,0.0,0,0,2020-04-27
Glenn,4.0,0.0,0,0,2020-04-28
Glenn,4.0,0.0,0,0,2020-04-29
Glenn,4.0,0.0,0,0,2020-04-30
Glenn,4.0,0.0,0,0,2020-05-01
Glenn,5.0,0.0,1,0,2020-05-02
Glenn,5.0,0.0,0,0,2020-05-03
Glenn,4.0,0.0,-1,0,2020-05-04
Glenn,3.0,0.0,-1,0,2020-05-05
Glenn,3.0,0.0,0,0,2020-05-06
Glenn,5.0,0.0,2,0,2020-05-07
Glenn,6.0,0.0,1,0,2020-05-08
Glenn,6.0,0.0,0,0,2020-05-09
Glenn,6.0,0.0,0,0,2020-05-10
Glenn,6.0,0.0,0,0,2020-05-11
Glenn,6.0,0.0,0,0,2020-05-12
Glenn,6.0,0.0,0,0,2020-05-13
Glenn,8.0,0.0,2,0,2020-05-14
Glenn,9.0,0.0,1,0,2020-05-15
Glenn,9.0,0.0,0,0,2020-05-16
Glenn,9.0,0.0,0,0,2020-05-17
Glenn,11.0,0.0,2,0,2020-05-18
Glenn,12.0,0.0,1,0,2020-05-19
Glenn,12.0,0.0,0,0,2020-05-20
Glenn,12.0,0.0,0,0,2020-05-21
Glenn,12.0,0.0,0,0,2020-05-22
Glenn,12.0,0.0,0,0,2020-05-23
Glenn,12.0,0.0,0,0,2020-05-24
Glenn,12.0,0.0,0,0,2020-05-25
Glenn,12.0,0.0,0,0,2020-05-26
Glenn,14.0,0.0,2,0,2020-05-27
Glenn,14.0,0.0,0,0,2020-05-28
Glenn,14.0,0.0,0,0,2020-05-29
Glenn,16.0,0.0,2,0,2020-05-30
Glenn,16.0,0.0,0,0,2020-05-31
Glenn,16.0,0.0,0,0,2020-06-01
Glenn,16.0,0.0,0,0,2020-06-02
Glenn,16.0,0.0,0,0,2020-06-03
Glenn,16.0,0.0,0,0,2020-06-04
Glenn,16.0,0.0,0,0,2020-06-05
Glenn,16.0,0.0,0,0,2020-06-06
Glenn,16.0,0.0,0,0,2020-06-07
Glenn,17.0,0.0,1,0,2020-06-08
Glenn,19.0,0.0,2,0,2020-06-09
Glenn,21.0,0.0,2,0,2020-06-10
Glenn,21.0,0.0,0,0,2020-06-11
Glenn,21.0,0.0,0,0,2020-06-12
Glenn,21.0,0.0,0,0,2020-06-13
Glenn,21.0,0.0,0,0,2020-06-14
Glenn,21.0,0.0,0,0,2020-06-15
Glenn,30.0,0.0,9,0,2020-06-16
Glenn,31.0,0.0,1,0,2020-06-17
Glenn,35.0,0.0,4,0,2020-06-18
Glenn,40.0,0.0,5,0,2020-06-19
Glenn,40.0,0.0,0,0,2020-06-20
Glenn,40.0,0.0,0,0,2020-06-21
Glenn,40.0,0.0,0,0,2020-06-22
Glenn,47.0,0.0,7,0,2020-06-23
Glenn,54.0,0.0,7,0,2020-06-24
Glenn,60.0,0.0,6,0,2020-06-25
Glenn,73.0,0.0,13,0,2020-06-26
Glenn,80.0,0.0,7,0,2020-06-27
Glenn,85.0,0.0,5,0,2020-06-28
Glenn,93.0,0.0,8,0,2020-06-29
Glenn,105.0,0.0,12,0,2020-06-30
Glenn,110.0,0.0,5,0,2020-07-01
Glenn,114.0,0.0,4,0,2020-07-02
Glenn,122.0,0.0,8,0,2020-07-03
Glenn,128.0,0.0,6,0,2020-07-04
Glenn,129.0,0.0,1,0,2020-07-05
Glenn,129.0,0.0,0,0,2020-07-06
Glenn,145.0,0.0,16,0,2020-07-07
Glenn,146.0,0.0,1,0,2020-07-08
Glenn,150.0,0.0,4,0,2020-07-09
Glenn,157.0,0.0,7,0,2020-07-10
Glenn,161.0,0.0,4,0,2020-07-11
Glenn,166.0,0.0,5,0,2020-07-12
Glenn,168.0,0.0,2,0,2020-07-13
Glenn,177.0,0.0,9,0,2020-07-14
Glenn,184.0,0.0,7,0,2020-07-15
Glenn,190.0,0.0,6,0,2020-07-16
Glenn,203.0,0.0,13,0,2020-07-17
Glenn,212.0,0.0,9,0,2020-07-18
Glenn,215.0,0.0,3,0,2020-07-19
Glenn,225.0,0.0,10,0,2020-07-20
Glenn,229.0,0.0,4,0,2020-07-21
Glenn,236.0,0.0,7,0,2020-07-22
Glenn,246.0,1.0,10,1,2020-07-23
Glenn,251.0,1.0,5,0,2020-07-24
Glenn,260.0,1.0,9,0,2020-07-25
Glenn,265.0,1.0,5,0,2020-07-26
Glenn,277.0,1.0,12,0,2020-07-27
Glenn,289.0,1.0,12,0,2020-07-28
Glenn,294.0,1.0,5,0,2020-07-29
Glenn,297.0,1.0,3,0,2020-07-30
Glenn,304.0,1.0,7,0,2020-07-31
Glenn,311.0,1.0,7,0,2020-08-01
Glenn,315.0,1.0,4,0,2020-08-02
Glenn,316.0,1.0,1,0,2020-08-03
Glenn,325.0,2.0,9,1,2020-08-04
Glenn,330.0,3.0,5,1,2020-08-05
Glenn,332.0,3.0,2,0,2020-08-06
Glenn,339.0,3.0,7,0,2020-08-07
Glenn,344.0,3.0,5,0,2020-08-08
Glenn,354.0,3.0,10,0,2020-08-09
Glenn,381.0,3.0,27,0,2020-08-10
Glenn,380.0,3.0,-1,0,2020-08-11
Glenn,388.0,3.0,8,0,2020-08-12
Glenn,392.0,3.0,4,0,2020-08-13
Glenn,395.0,3.0,3,0,2020-08-14
Glenn,398.0,3.0,3,0,2020-08-15
Glenn,400.0,3.0,2,0,2020-08-16
Glenn,402.0,3.0,2,0,2020-08-17
Glenn,407.0,3.0,5,0,2020-08-18
Glenn,414.0,3.0,7,0,2020-08-19
Glenn,414.0,3.0,0,0,2020-08-20
Glenn,418.0,3.0,4,0,2020-08-21
Glenn,421.0,3.0,3,0,2020-08-22
Glenn,421.0,3.0,0,0,2020-08-23
Glenn,421.0,3.0,0,0,2020-08-24
Glenn,429.0,3.0,8,0,2020-08-25
Glenn,429.0,3.0,0,0,2020-08-26
Glenn,429.0,3.0,0,0,2020-08-27
Glenn,429.0,3.0,0,0,2020-08-28
Glenn,437.0,3.0,8,0,2020-08-29
Glenn,437.0,3.0,0,0,2020-08-30
Glenn,437.0,3.0,0,0,2020-08-31
Glenn,449.0,3.0,12,0,2020-09-01
Glenn,457.0,3.0,8,0,2020-09-02
Glenn,460.0,3.0,3,0,2020-09-03
Glenn,463.0,3.0,3,0,2020-09-04
Glenn,474.0,3.0,11,0,2020-09-05
Glenn,474.0,3.0,0,0,2020-09-06
Glenn,488.0,3.0,14,0,2020-09-07
Glenn,492.0,3.0,4,0,2020-09-08
Glenn,508.0,3.0,16,0,2020-09-09
Glenn,511.0,3.0,3,0,2020-09-10
Glenn,515.0,3.0,4,0,2020-09-11
Glenn,517.0,3.0,2,0,2020-09-12
Glenn,517.0,3.0,0,0,2020-09-13
Glenn,521.0,3.0,4,0,2020-09-14
Glenn,531.0,3.0,10,0,2020-09-15
Glenn,539.0,3.0,8,0,2020-09-16
Glenn,541.0,3.0,2,0,2020-09-17
Glenn,541.0,3.0,0,0,2020-09-18
Glenn,547.0,3.0,6,0,2020-09-19
Glenn,550.0,3.0,3,0,2020-09-20
Glenn,556.0,3.0,6,0,2020-09-21
Glenn,560.0,3.0,4,0,2020-09-22
Glenn,561.0,3.0,1,0,2020-09-23
Glenn,567.0,3.0,6,0,2020-09-24
Glenn,570.0,3.0,3,0,2020-09-25
Glenn,576.0,3.0,6,0,2020-09-26
Glenn,576.0,3.0,0,0,2020-09-27
Glenn,585.0,3.0,9,0,2020-09-28
Glenn,589.0,3.0,4,0,2020-09-29
Glenn,592.0,3.0,3,0,2020-09-30
Glenn,593.0,3.0,1,0,2020-10-01
Glenn,594.0,3.0,1,0,2020-10-02
Glenn,601.0,3.0,7,0,2020-10-03
Glenn,601.0,3.0,0,0,2020-10-04
Glenn,603.0,3.0,2,0,2020-10-05
Glenn,604.0,3.0,1,0,2020-10-06
Glenn,615.0,3.0,11,0,2020-10-07
Glenn,616.0,3.0,1,0,2020-10-08
Glenn,617.0,3.0,1,0,2020-10-09
Glenn,623.0,3.0,6,0,2020-10-10
Glenn,625.0,3.0,2,0,2020-10-11
Glenn,626.0,3.0,1,0,2020-10-12
Glenn,629.0,3.0,3,0,2020-10-13
Glenn,629.0,3.0,0,0,2020-10-14
Glenn,632.0,3.0,3,0,2020-10-15
Glenn,632.0,3.0,0,0,2020-10-16
Glenn,633.0,3.0,1,0,2020-10-17
Glenn,634.0,3.0,1,0,2020-10-18
Glenn,635.0,3.0,1,0,2020-10-19
Glenn,638.0,3.0,3,0,2020-10-20
Glenn,640.0,3.0,2,0,2020-10-21
Glenn,643.0,3.0,3,0,2020-10-22
Glenn,644.0,3.0,1,0,2020-10-23
Glenn,650.0,3.0,6,0,2020-10-24
Glenn,652.0,3.0,2,0,2020-10-25
Glenn,660.0,3.0,8,0,2020-10-26
Glenn,667.0,3.0,7,0,2020-10-27
Glenn,673.0,3.0,6,0,2020-10-28
Glenn,673.0,3.0,0,0,2020-10-29
Glenn,674.0,3.0,1,0,2020-10-30
Glenn,678.0,3.0,4,0,2020-10-31
Glenn,688.0,3.0,10,0,2020-11-01
Glenn,692.0,3.0,4,0,2020-11-02
Glenn,698.0,3.0,6,0,2020-11-03
Glenn,701.0,3.0,3,0,2020-11-04
Glenn,702.0,3.0,1,0,2020-11-05
Glenn,707.0,3.0,5,0,2020-11-06
Glenn,707.0,3.0,0,0,2020-11-07
Glenn,707.0,3.0,0,0,2020-11-08
Glenn,714.0,4.0,7,1,2020-11-09
Glenn,719.0,5.0,5,1,2020-11-10
Glenn,722.0,5.0,3,0,2020-11-11
Glenn,727.0,5.0,5,0,2020-11-12
Glenn,755.0,6.0,28,1,2020-11-13
Glenn,772.0,6.0,17,0,2020-11-14
Glenn,783.0,6.0,11,0,2020-11-15
Glenn,786.0,6.0,3,0,2020-11-16
Glenn,795.0,6.0,9,0,2020-11-17
Glenn,803.0,6.0,8,0,2020-11-18
Glenn,806.0,6.0,3,0,2020-11-19
Glenn,826.0,6.0,20,0,2020-11-20
Glenn,829.0,6.0,3,0,2020-11-21
Glenn,832.0,6.0,3,0,2020-11-22
Glenn,853.0,7.0,21,1,2020-11-23
Glenn,883.0,7.0,30,0,2020-11-24
Glenn,891.0,8.0,8,1,2020-11-25
Glenn,892.0,8.0,1,0,2020-11-26
Glenn,891.0,8.0,-1,0,2020-11-27
Glenn,925.0,8.0,34,0,2020-11-28
Glenn,951.0,8.0,26,0,2020-11-29
Glenn,954.0,10.0,3,2,2020-11-30
Glenn,989.0,10.0,35,0,2020-12-01
Glenn,995.0,11.0,6,1,2020-12-02
Glenn,997.0,11.0,2,0,2020-12-03
Glenn,1017.0,11.0,20,0,2020-12-04
Glenn,1056.0,11.0,39,0,2020-12-05
Glenn,1067.0,11.0,11,0,2020-12-06
Glenn,1085.0,11.0,18,0,2020-12-07
Glenn,1094.0,11.0,9,0,2020-12-08
Glenn,1107.0,11.0,13,0,2020-12-09
Glenn,1126.0,12.0,19,1,2020-12-10
Glenn,1135.0,12.0,9,0,2020-12-11
Glenn,1143.0,12.0,8,0,2020-12-12
Glenn,1171.0,12.0,28,0,2020-12-13
Glenn,1186.0,12.0,15,0,2020-12-14
Siskiyou,0.0,0.0,0,0,2020-03-18
Siskiyou,0.0,0.0,0,0,2020-03-19
Siskiyou,0.0,0.0,0,0,2020-03-20
Siskiyou,0.0,0.0,0,0,2020-03-21
Siskiyou,2.0,0.0,2,0,2020-03-22
Siskiyou,2.0,0.0,0,0,2020-03-23
Siskiyou,2.0,0.0,0,0,2020-03-24
Siskiyou,2.0,0.0,0,0,2020-03-25
Siskiyou,2.0,0.0,0,0,2020-03-26
Siskiyou,2.0,0.0,0,0,2020-03-27
Siskiyou,2.0,0.0,0,0,2020-03-28
Siskiyou,2.0,0.0,0,0,2020-03-29
Siskiyou,2.0,0.0,0,0,2020-03-30
Siskiyou,3.0,0.0,1,0,2020-03-31
Siskiyou,3.0,0.0,0,0,2020-04-01
Siskiyou,3.0,0.0,0,0,2020-04-02
Siskiyou,3.0,0.0,0,0,2020-04-03
Siskiyou,3.0,0.0,0,0,2020-04-04
Siskiyou,3.0,0.0,0,0,2020-04-05
Siskiyou,4.0,0.0,1,0,2020-04-06
Siskiyou,4.0,0.0,0,0,2020-04-07
Siskiyou,4.0,0.0,0,0,2020-04-08
Siskiyou,4.0,0.0,0,0,2020-04-09
Siskiyou,5.0,0.0,1,0,2020-04-10
Siskiyou,5.0,0.0,0,0,2020-04-11
Siskiyou,5.0,0.0,0,0,2020-04-12
Siskiyou,5.0,0.0,0,0,2020-04-13
Siskiyou,5.0,0.0,0,0,2020-04-14
Siskiyou,5.0,0.0,0,0,2020-04-15
Siskiyou,5.0,0.0,0,0,2020-04-16
Siskiyou,5.0,0.0,0,0,2020-04-17
Siskiyou,5.0,0.0,0,0,2020-04-18
Siskiyou,5.0,0.0,0,0,2020-04-19
Siskiyou,5.0,0.0,0,0,2020-04-20
Siskiyou,5.0,0.0,0,0,2020-04-21
Siskiyou,5.0,0.0,0,0,2020-04-22
Siskiyou,5.0,0.0,0,0,2020-04-23
Siskiyou,5.0,0.0,0,0,2020-04-24
Siskiyou,5.0,0.0,0,0,2020-04-25
Siskiyou,5.0,0.0,0,0,2020-04-26
Siskiyou,5.0,0.0,0,0,2020-04-27
Siskiyou,5.0,0.0,0,0,2020-04-28
Siskiyou,5.0,0.0,0,0,2020-04-29
Siskiyou,5.0,0.0,0,0,2020-04-30
Siskiyou,5.0,0.0,0,0,2020-05-01
Siskiyou,5.0,0.0,0,0,2020-05-02
Siskiyou,5.0,0.0,0,0,2020-05-03
Siskiyou,5.0,0.0,0,0,2020-05-04
Siskiyou,5.0,0.0,0,0,2020-05-05
Siskiyou,5.0,0.0,0,0,2020-05-06
Siskiyou,5.0,0.0,0,0,2020-05-07
Siskiyou,5.0,0.0,0,0,2020-05-08
Siskiyou,5.0,0.0,0,0,2020-05-09
Siskiyou,5.0,0.0,0,0,2020-05-10
Siskiyou,5.0,0.0,0,0,2020-05-11
Siskiyou,5.0,0.0,0,0,2020-05-12
Siskiyou,5.0,0.0,0,0,2020-05-13
Siskiyou,5.0,0.0,0,0,2020-05-14
Siskiyou,5.0,0.0,0,0,2020-05-15
Siskiyou,6.0,0.0,1,0,2020-05-16
Siskiyou,6.0,0.0,0,0,2020-05-17
Siskiyou,6.0,0.0,0,0,2020-05-18
Siskiyou,6.0,0.0,0,0,2020-05-19
Siskiyou,6.0,0.0,0,0,2020-05-20
Siskiyou,6.0,0.0,0,0,2020-05-21
Siskiyou,6.0,0.0,0,0,2020-05-22
Siskiyou,6.0,0.0,0,0,2020-05-23
Siskiyou,6.0,0.0,0,0,2020-05-24
Siskiyou,6.0,0.0,0,0,2020-05-25
Siskiyou,6.0,0.0,0,0,2020-05-26
Siskiyou,6.0,0.0,0,0,2020-05-27
Siskiyou,6.0,0.0,0,0,2020-05-28
Siskiyou,7.0,0.0,1,0,2020-05-29
Siskiyou,7.0,0.0,0,0,2020-05-30
Siskiyou,7.0,0.0,0,0,2020-05-31
Siskiyou,7.0,0.0,0,0,2020-06-01
Siskiyou,8.0,0.0,1,0,2020-06-02
Siskiyou,8.0,0.0,0,0,2020-06-03
Siskiyou,8.0,0.0,0,0,2020-06-04
Siskiyou,8.0,0.0,0,0,2020-06-05
Siskiyou,8.0,0.0,0,0,2020-06-06
Siskiyou,8.0,0.0,0,0,2020-06-07
Siskiyou,8.0,0.0,0,0,2020-06-08
Siskiyou,10.0,0.0,2,0,2020-06-09
Siskiyou,14.0,0.0,4,0,2020-06-10
Siskiyou,14.0,0.0,0,0,2020-06-11
Siskiyou,13.0,0.0,-1,0,2020-06-12
Siskiyou,13.0,0.0,0,0,2020-06-13
Siskiyou,13.0,0.0,0,0,2020-06-14
Siskiyou,14.0,0.0,1,0,2020-06-15
Siskiyou,15.0,0.0,1,0,2020-06-16
Siskiyou,16.0,0.0,1,0,2020-06-17
Siskiyou,18.0,0.0,2,0,2020-06-18
Siskiyou,21.0,0.0,3,0,2020-06-19
Siskiyou,22.0,0.0,1,0,2020-06-20
Siskiyou,23.0,0.0,1,0,2020-06-21
Siskiyou,23.0,0.0,0,0,2020-06-22
Siskiyou,24.0,0.0,1,0,2020-06-23
Siskiyou,24.0,0.0,0,0,2020-06-24
Siskiyou,24.0,0.0,0,0,2020-06-25
Siskiyou,24.0,0.0,0,0,2020-06-26
Siskiyou,25.0,0.0,1,0,2020-06-27
Siskiyou,25.0,0.0,0,0,2020-06-28
Siskiyou,25.0,0.0,0,0,2020-06-29
Siskiyou,27.0,0.0,2,0,2020-06-30
Siskiyou,28.0,0.0,1,0,2020-07-01
Siskiyou,30.0,0.0,2,0,2020-07-02
Siskiyou,30.0,0.0,0,0,2020-07-03
Siskiyou,30.0,0.0,0,0,2020-07-04
Siskiyou,30.0,0.0,0,0,2020-07-05
Siskiyou,30.0,0.0,0,0,2020-07-06
Siskiyou,30.0,0.0,0,0,2020-07-07
Siskiyou,31.0,0.0,1,0,2020-07-08
Siskiyou,31.0,0.0,0,0,2020-07-09
Siskiyou,31.0,0.0,0,0,2020-07-10
Siskiyou,36.0,0.0,5,0,2020-07-11
Siskiyou,36.0,0.0,0,0,2020-07-12
Siskiyou,37.0,0.0,1,0,2020-07-13
Siskiyou,38.0,0.0,1,0,2020-07-14
Siskiyou,38.0,0.0,0,0,2020-07-15
Siskiyou,39.0,0.0,1,0,2020-07-16
Siskiyou,40.0,0.0,1,0,2020-07-17
Siskiyou,42.0,0.0,2,0,2020-07-18
Siskiyou,42.0,0.0,0,0,2020-07-19
Siskiyou,42.0,0.0,0,0,2020-07-20
Siskiyou,48.0,0.0,6,0,2020-07-21
Siskiyou,52.0,0.0,4,0,2020-07-22
Siskiyou,53.0,0.0,1,0,2020-07-23
Siskiyou,53.0,0.0,0,0,2020-07-24
Siskiyou,54.0,0.0,1,0,2020-07-25
Siskiyou,54.0,0.0,0,0,2020-07-26
Siskiyou,54.0,0.0,0,0,2020-07-27
Siskiyou,57.0,0.0,3,0,2020-07-28
Siskiyou,58.0,0.0,1,0,2020-07-29
Siskiyou,60.0,0.0,2,0,2020-07-30
Siskiyou,61.0,0.0,1,0,2020-07-31
Siskiyou,64.0,0.0,3,0,2020-08-01
Siskiyou,65.0,0.0,1,0,2020-08-02
Siskiyou,67.0,0.0,2,0,2020-08-03
Siskiyou,71.0,0.0,4,0,2020-08-04
Siskiyou,72.0,0.0,1,0,2020-08-05
Siskiyou,73.0,0.0,1,0,2020-08-06
Siskiyou,73.0,0.0,0,0,2020-08-07
Siskiyou,73.0,0.0,0,0,2020-08-08
Siskiyou,74.0,0.0,1,0,2020-08-09
Siskiyou,88.0,0.0,14,0,2020-08-10
Siskiyou,90.0,0.0,2,0,2020-08-11
Siskiyou,90.0,0.0,0,0,2020-08-12
Siskiyou,95.0,0.0,5,0,2020-08-13
Siskiyou,98.0,0.0,3,0,2020-08-14
Siskiyou,100.0,0.0,2,0,2020-08-15
Siskiyou,102.0,0.0,2,0,2020-08-16
Siskiyou,103.0,0.0,1,0,2020-08-17
Siskiyou,103.0,0.0,0,0,2020-08-18
Siskiyou,103.0,0.0,0,0,2020-08-19
Siskiyou,102.0,0.0,-1,0,2020-08-20
Siskiyou,103.0,0.0,1,0,2020-08-21
Siskiyou,106.0,0.0,3,0,2020-08-22
Siskiyou,107.0,0.0,1,0,2020-08-23
Siskiyou,107.0,0.0,0,0,2020-08-24
Siskiyou,109.0,0.0,2,0,2020-08-25
Siskiyou,109.0,0.0,0,0,2020-08-26
Siskiyou,118.0,0.0,9,0,2020-08-27
Siskiyou,119.0,0.0,1,0,2020-08-28
Siskiyou,121.0,0.0,2,0,2020-08-29
Siskiyou,125.0,0.0,4,0,2020-08-30
Siskiyou,127.0,0.0,2,0,2020-08-31
Siskiyou,128.0,0.0,1,0,2020-09-01
Siskiyou,127.0,0.0,-1,0,2020-09-02
Siskiyou,128.0,0.0,1,0,2020-09-03
Siskiyou,129.0,0.0,1,0,2020-09-04
Siskiyou,131.0,0.0,2,0,2020-09-05
Siskiyou,132.0,0.0,1,0,2020-09-06
Siskiyou,133.0,0.0,1,0,2020-09-07
Siskiyou,136.0,0.0,3,0,2020-09-08
Siskiyou,137.0,0.0,1,0,2020-09-09
Siskiyou,137.0,0.0,0,0,2020-09-10
Siskiyou,139.0,0.0,2,0,2020-09-11
Siskiyou,141.0,0.0,2,0,2020-09-12
Siskiyou,143.0,0.0,2,0,2020-09-13
Siskiyou,143.0,0.0,0,0,2020-09-14
Siskiyou,143.0,0.0,0,0,2020-09-15
Siskiyou,145.0,0.0,2,0,2020-09-16
Siskiyou,146.0,0.0,1,0,2020-09-17
Siskiyou,146.0,0.0,0,0,2020-09-18
Siskiyou,146.0,0.0,0,0,2020-09-19
Siskiyou,146.0,0.0,0,0,2020-09-20
Siskiyou,146.0,0.0,0,0,2020-09-21
Siskiyou,149.0,0.0,3,0,2020-09-22
Siskiyou,149.0,0.0,0,0,2020-09-23
Siskiyou,149.0,0.0,0,0,2020-09-24
Siskiyou,149.0,0.0,0,0,2020-09-25
Siskiyou,149.0,0.0,0,0,2020-09-26
Siskiyou,149.0,0.0,0,0,2020-09-27
Siskiyou,149.0,0.0,0,0,2020-09-28
Siskiyou,150.0,0.0,1,0,2020-09-29
Siskiyou,150.0,0.0,0,0,2020-09-30
Siskiyou,150.0,0.0,0,0,2020-10-01
Siskiyou,151.0,0.0,1,0,2020-10-02
Siskiyou,152.0,0.0,1,0,2020-10-03
Siskiyou,153.0,0.0,1,0,2020-10-04
Siskiyou,153.0,0.0,0,0,2020-10-05
Siskiyou,154.0,0.0,1,0,2020-10-06
Siskiyou,154.0,0.0,0,0,2020-10-07
Siskiyou,156.0,0.0,2,0,2020-10-08
Siskiyou,156.0,0.0,0,0,2020-10-09
Siskiyou,161.0,0.0,5,0,2020-10-10
Siskiyou,162.0,0.0,1,0,2020-10-11
Siskiyou,162.0,0.0,0,0,2020-10-12
Siskiyou,163.0,0.0,1,0,2020-10-13
Siskiyou,166.0,0.0,3,0,2020-10-14
Siskiyou,166.0,0.0,0,0,2020-10-15
Siskiyou,167.0,0.0,1,0,2020-10-16
Siskiyou,167.0,0.0,0,0,2020-10-17
Siskiyou,167.0,0.0,0,0,2020-10-18
Siskiyou,167.0,0.0,0,0,2020-10-19
Siskiyou,168.0,0.0,1,0,2020-10-20
Siskiyou,169.0,0.0,1,0,2020-10-21
Siskiyou,169.0,0.0,0,0,2020-10-22
Siskiyou,172.0,0.0,3,0,2020-10-23
Siskiyou,174.0,0.0,2,0,2020-10-24
Siskiyou,176.0,0.0,2,0,2020-10-25
Siskiyou,179.0,0.0,3,0,2020-10-26
Siskiyou,181.0,0.0,2,0,2020-10-27
Siskiyou,182.0,0.0,1,0,2020-10-28
Siskiyou,185.0,0.0,3,0,2020-10-29
Siskiyou,192.0,0.0,7,0,2020-10-30
Siskiyou,200.0,0.0,8,0,2020-10-31
Siskiyou,205.0,0.0,5,0,2020-11-01
Siskiyou,216.0,0.0,11,0,2020-11-02
Siskiyou,219.0,0.0,3,0,2020-11-03
Siskiyou,222.0,0.0,3,0,2020-11-04
Siskiyou,228.0,0.0,6,0,2020-11-05
Siskiyou,237.0,0.0,9,0,2020-11-06
Siskiyou,241.0,0.0,4,0,2020-11-07
Siskiyou,246.0,0.0,5,0,2020-11-08
Siskiyou,257.0,0.0,11,0,2020-11-09
Siskiyou,263.0,1.0,6,1,2020-11-10
Siskiyou,261.0,1.0,-2,0,2020-11-11
Siskiyou,275.0,1.0,14,0,2020-11-12
Siskiyou,280.0,1.0,5,0,2020-11-13
Siskiyou,292.0,1.0,12,0,2020-11-14
Siskiyou,294.0,1.0,2,0,2020-11-15
Siskiyou,294.0,1.0,0,0,2020-11-16
Siskiyou,333.0,1.0,39,0,2020-11-17
Siskiyou,351.0,1.0,18,0,2020-11-18
Siskiyou,360.0,1.0,9,0,2020-11-19
Siskiyou,387.0,1.0,27,0,2020-11-20
Siskiyou,403.0,1.0,16,0,2020-11-21
Siskiyou,411.0,1.0,8,0,2020-11-22
Siskiyou,460.0,2.0,49,1,2020-11-23
Siskiyou,473.0,2.0,13,0,2020-11-24
Siskiyou,499.0,2.0,26,0,2020-11-25
Siskiyou,526.0,2.0,27,0,2020-11-26
Siskiyou,554.0,2.0,28,0,2020-11-27
Siskiyou,558.0,2.0,4,0,2020-11-28
Siskiyou,590.0,2.0,32,0,2020-11-29
Siskiyou,605.0,3.0,15,1,2020-11-30
Siskiyou,608.0,3.0,3,0,2020-12-01
Siskiyou,624.0,4.0,16,1,2020-12-02
Siskiyou,629.0,4.0,5,0,2020-12-03
Siskiyou,639.0,5.0,10,1,2020-12-04
Siskiyou,649.0,5.0,10,0,2020-12-05
Siskiyou,652.0,5.0,3,0,2020-12-06
Siskiyou,652.0,7.0,0,2,2020-12-07
Siskiyou,704.0,7.0,52,0,2020-12-08
Siskiyou,713.0,7.0,9,0,2020-12-09
Siskiyou,712.0,7.0,-1,0,2020-12-10
Siskiyou,753.0,7.0,41,0,2020-12-11
Siskiyou,762.0,7.0,9,0,2020-12-12
Siskiyou,762.0,7.0,0,0,2020-12-13
Siskiyou,764.0,8.0,2,1,2020-12-14
Madera,2.0,0.0,2,0,2020-03-18
Madera,3.0,0.0,1,0,2020-03-19
Madera,4.0,0.0,1,0,2020-03-20
Madera,4.0,0.0,0,0,2020-03-21
Madera,4.0,0.0,0,0,2020-03-22
Madera,4.0,0.0,0,0,2020-03-23
Madera,6.0,0.0,2,0,2020-03-24
Madera,6.0,0.0,0,0,2020-03-25
Madera,8.0,0.0,2,0,2020-03-26
Madera,10.0,1.0,2,1,2020-03-27
Madera,11.0,1.0,1,0,2020-03-28
Madera,11.0,1.0,0,0,2020-03-29
Madera,14.0,1.0,3,0,2020-03-30
Madera,17.0,1.0,3,0,2020-03-31
Madera,17.0,1.0,0,0,2020-04-01
Madera,25.0,1.0,8,0,2020-04-02
Madera,28.0,2.0,3,1,2020-04-03
Madera,27.0,2.0,-1,0,2020-04-04
Madera,27.0,2.0,0,0,2020-04-05
Madera,29.0,2.0,2,0,2020-04-06
Madera,28.0,2.0,-1,0,2020-04-07
Madera,28.0,2.0,0,0,2020-04-08
Madera,28.0,2.0,0,0,2020-04-09
Madera,29.0,2.0,1,0,2020-04-10
Madera,29.0,2.0,0,0,2020-04-11
Madera,29.0,2.0,0,0,2020-04-12
Madera,29.0,2.0,0,0,2020-04-13
Madera,29.0,2.0,0,0,2020-04-14
Madera,30.0,2.0,1,0,2020-04-15
Madera,34.0,2.0,4,0,2020-04-16
Madera,34.0,2.0,0,0,2020-04-17
Madera,34.0,2.0,0,0,2020-04-18
Madera,34.0,2.0,0,0,2020-04-19
Madera,35.0,2.0,1,0,2020-04-20
Madera,37.0,2.0,2,0,2020-04-21
Madera,37.0,2.0,0,0,2020-04-22
Madera,37.0,2.0,0,0,2020-04-23
Madera,39.0,2.0,2,0,2020-04-24
Madera,39.0,2.0,0,0,2020-04-25
Madera,39.0,2.0,0,0,2020-04-26
Madera,42.0,2.0,3,0,2020-04-27
Madera,44.0,2.0,2,0,2020-04-28
Madera,45.0,2.0,1,0,2020-04-29
Madera,46.0,2.0,1,0,2020-04-30
Madera,46.0,2.0,0,0,2020-05-01
Madera,46.0,2.0,0,0,2020-05-02
Madera,46.0,2.0,0,0,2020-05-03
Madera,52.0,2.0,6,0,2020-05-04
Madera,53.0,2.0,1,0,2020-05-05
Madera,55.0,2.0,2,0,2020-05-06
Madera,54.0,2.0,-1,0,2020-05-07
Madera,57.0,2.0,3,0,2020-05-08
Madera,61.0,2.0,4,0,2020-05-09
Madera,65.0,2.0,4,0,2020-05-10
Madera,68.0,2.0,3,0,2020-05-11
Madera,69.0,2.0,1,0,2020-05-12
Madera,69.0,2.0,0,0,2020-05-13
Madera,69.0,2.0,0,0,2020-05-14
Madera,71.0,2.0,2,0,2020-05-15
Madera,70.0,2.0,-1,0,2020-05-16
Madera,69.0,2.0,-1,0,2020-05-17
Madera,74.0,2.0,5,0,2020-05-18
Madera,80.0,2.0,6,0,2020-05-19
Madera,82.0,2.0,2,0,2020-05-20
Madera,82.0,2.0,0,0,2020-05-21
Madera,82.0,2.0,0,0,2020-05-22
Madera,83.0,2.0,1,0,2020-05-23
Madera,83.0,2.0,0,0,2020-05-24
Madera,83.0,2.0,0,0,2020-05-25
Madera,83.0,2.0,0,0,2020-05-26
Madera,91.0,2.0,8,0,2020-05-27
Madera,93.0,2.0,2,0,2020-05-28
Madera,98.0,2.0,5,0,2020-05-29
Madera,101.0,2.0,3,0,2020-05-30
Madera,101.0,2.0,0,0,2020-05-31
Madera,103.0,2.0,2,0,2020-06-01
Madera,110.0,3.0,7,1,2020-06-02
Madera,117.0,3.0,7,0,2020-06-03
Madera,127.0,3.0,10,0,2020-06-04
Madera,144.0,3.0,17,0,2020-06-05
Madera,149.0,3.0,5,0,2020-06-06
Madera,149.0,3.0,0,0,2020-06-07
Madera,154.0,3.0,5,0,2020-06-08
Madera,172.0,3.0,18,0,2020-06-09
Madera,176.0,3.0,4,0,2020-06-10
Madera,178.0,3.0,2,0,2020-06-11
Madera,187.0,3.0,9,0,2020-06-12
Madera,203.0,3.0,16,0,2020-06-13
Madera,203.0,3.0,0,0,2020-06-14
Madera,203.0,3.0,0,0,2020-06-15
Madera,239.0,4.0,36,1,2020-06-16
Madera,258.0,4.0,19,0,2020-06-17
Madera,288.0,4.0,30,0,2020-06-18
Madera,300.0,4.0,12,0,2020-06-19
Madera,321.0,4.0,21,0,2020-06-20
Madera,319.0,4.0,-2,0,2020-06-21
Madera,333.0,5.0,14,1,2020-06-22
Madera,369.0,5.0,36,0,2020-06-23
Madera,373.0,5.0,4,0,2020-06-24
Madera,384.0,5.0,11,0,2020-06-25
Madera,415.0,5.0,31,0,2020-06-26
Madera,435.0,5.0,20,0,2020-06-27
Madera,446.0,5.0,11,0,2020-06-28
Madera,470.0,5.0,24,0,2020-06-29
Madera,504.0,5.0,34,0,2020-06-30
Madera,520.0,5.0,16,0,2020-07-01
Madera,548.0,5.0,28,0,2020-07-02
Madera,565.0,5.0,17,0,2020-07-03
Madera,568.0,5.0,3,0,2020-07-04
Madera,564.0,5.0,-4,0,2020-07-05
Madera,734.0,5.0,170,0,2020-07-06
Madera,794.0,7.0,60,2,2020-07-07
Madera,828.0,8.0,34,1,2020-07-08
Madera,850.0,8.0,22,0,2020-07-09
Madera,914.0,8.0,64,0,2020-07-10
Madera,988.0,8.0,74,0,2020-07-11
Madera,1025.0,8.0,37,0,2020-07-12
Madera,1059.0,8.0,34,0,2020-07-13
Madera,1118.0,9.0,59,1,2020-07-14
Madera,1147.0,10.0,29,1,2020-07-15
Madera,1192.0,11.0,45,1,2020-07-16
Madera,1214.0,11.0,22,0,2020-07-17
Madera,1260.0,11.0,46,0,2020-07-18
Madera,1301.0,11.0,41,0,2020-07-19
Madera,1433.0,13.0,132,2,2020-07-20
Madera,1508.0,13.0,75,0,2020-07-21
Madera,1578.0,16.0,70,3,2020-07-22
Madera,1659.0,18.0,81,2,2020-07-23
Madera,1679.0,19.0,20,1,2020-07-24
Madera,1724.0,19.0,45,0,2020-07-25
Madera,1744.0,19.0,20,0,2020-07-26
Madera,1793.0,21.0,49,2,2020-07-27
Madera,1889.0,23.0,96,2,2020-07-28
Madera,1941.0,28.0,52,5,2020-07-29
Madera,2007.0,28.0,66,0,2020-07-30
Madera,2036.0,30.0,29,2,2020-07-31
Madera,2103.0,30.0,67,0,2020-08-01
Madera,2123.0,30.0,20,0,2020-08-02
Madera,2143.0,32.0,20,2,2020-08-03
Madera,2161.0,32.0,18,0,2020-08-04
Madera,2172.0,32.0,11,0,2020-08-05
Madera,2240.0,36.0,68,4,2020-08-06
Madera,2245.0,39.0,5,3,2020-08-07
Madera,2275.0,39.0,30,0,2020-08-08
Madera,2322.0,39.0,47,0,2020-08-09
Madera,2365.0,39.0,43,0,2020-08-10
Madera,2673.0,40.0,308,1,2020-08-11
Madera,2681.0,44.0,8,4,2020-08-12
Madera,2675.0,46.0,-6,2,2020-08-13
Madera,2876.0,47.0,201,1,2020-08-14
Madera,2950.0,47.0,74,0,2020-08-15
Madera,3013.0,47.0,63,0,2020-08-16
Madera,3050.0,47.0,37,0,2020-08-17
Madera,3125.0,47.0,75,0,2020-08-18
Madera,3158.0,47.0,33,0,2020-08-19
Madera,3197.0,49.0,39,2,2020-08-20
Madera,3271.0,49.0,74,0,2020-08-21
Madera,3330.0,49.0,59,0,2020-08-22
Madera,3401.0,49.0,71,0,2020-08-23
Madera,3418.0,50.0,17,1,2020-08-24
Madera,3446.0,51.0,28,1,2020-08-25
Madera,3458.0,53.0,12,2,2020-08-26
Madera,3465.0,53.0,7,0,2020-08-27
Madera,3552.0,54.0,87,1,2020-08-28
Madera,3605.0,54.0,53,0,2020-08-29
Madera,3626.0,54.0,21,0,2020-08-30
Madera,3662.0,54.0,36,0,2020-08-31
Madera,3703.0,55.0,41,1,2020-09-01
Madera,3735.0,55.0,32,0,2020-09-02
Madera,3780.0,57.0,45,2,2020-09-03
Madera,3838.0,58.0,58,1,2020-09-04
Madera,3851.0,58.0,13,0,2020-09-05
Madera,3867.0,58.0,16,0,2020-09-06
Madera,3889.0,58.0,22,0,2020-09-07
Madera,3904.0,58.0,15,0,2020-09-08
Madera,3926.0,58.0,22,0,2020-09-09
Madera,3979.0,58.0,53,0,2020-09-10
Madera,4018.0,58.0,39,0,2020-09-11
Madera,4058.0,58.0,40,0,2020-09-12
Madera,4090.0,58.0,32,0,2020-09-13
Madera,4104.0,58.0,14,0,2020-09-14
Madera,4122.0,58.0,18,0,2020-09-15
Madera,4138.0,58.0,16,0,2020-09-16
Madera,4152.0,58.0,14,0,2020-09-17
Madera,4211.0,58.0,59,0,2020-09-18
Madera,4237.0,58.0,26,0,2020-09-19
Madera,4257.0,58.0,20,0,2020-09-20
Madera,4275.0,62.0,18,4,2020-09-21
Madera,4303.0,65.0,28,3,2020-09-22
Madera,4311.0,65.0,8,0,2020-09-23
Madera,4344.0,65.0,33,0,2020-09-24
Madera,4369.0,65.0,25,0,2020-09-25
Madera,4410.0,65.0,41,0,2020-09-26
Madera,4416.0,65.0,6,0,2020-09-27
Madera,4438.0,65.0,22,0,2020-09-28
Madera,4453.0,65.0,15,0,2020-09-29
Madera,4477.0,65.0,24,0,2020-09-30
Madera,4508.0,68.0,31,3,2020-10-01
Madera,4537.0,70.0,29,2,2020-10-02
Madera,4565.0,70.0,28,0,2020-10-03
Madera,4587.0,70.0,22,0,2020-10-04
Madera,4598.0,70.0,11,0,2020-10-05
Madera,4608.0,70.0,10,0,2020-10-06
Madera,4618.0,70.0,10,0,2020-10-07
Madera,4637.0,70.0,19,0,2020-10-08
Madera,4646.0,71.0,9,1,2020-10-09
Madera,4662.0,71.0,16,0,2020-10-10
Madera,4680.0,71.0,18,0,2020-10-11
Madera,4689.0,71.0,9,0,2020-10-12
Madera,4700.0,71.0,11,0,2020-10-13
Madera,4713.0,73.0,13,2,2020-10-14
Madera,4723.0,73.0,10,0,2020-10-15
Madera,4736.0,73.0,13,0,2020-10-16
Madera,4759.0,73.0,23,0,2020-10-17
Madera,4770.0,73.0,11,0,2020-10-18
Madera,4787.0,73.0,17,0,2020-10-19
Madera,4823.0,73.0,36,0,2020-10-20
Madera,4831.0,73.0,8,0,2020-10-21
Madera,4847.0,74.0,16,1,2020-10-22
Madera,4888.0,74.0,41,0,2020-10-23
Madera,4898.0,74.0,10,0,2020-10-24
Madera,4909.0,74.0,11,0,2020-10-25
Madera,4922.0,74.0,13,0,2020-10-26
Madera,4942.0,74.0,20,0,2020-10-27
Madera,4954.0,76.0,12,2,2020-10-28
Madera,4970.0,76.0,16,0,2020-10-29
Madera,4991.0,76.0,21,0,2020-10-30
Madera,5013.0,76.0,22,0,2020-10-31
Madera,5019.0,76.0,6,0,2020-11-01
Madera,5033.0,76.0,14,0,2020-11-02
Madera,5058.0,76.0,25,0,2020-11-03
Madera,5083.0,76.0,25,0,2020-11-04
Madera,5129.0,76.0,46,0,2020-11-05
Madera,5136.0,76.0,7,0,2020-11-06
Madera,5169.0,76.0,33,0,2020-11-07
Madera,5196.0,76.0,27,0,2020-11-08
Madera,5209.0,76.0,13,0,2020-11-09
Madera,5229.0,76.0,20,0,2020-11-10
Madera,5248.0,76.0,19,0,2020-11-11
Madera,5273.0,76.0,25,0,2020-11-12
Madera,5340.0,76.0,67,0,2020-11-13
Madera,5371.0,76.0,31,0,2020-11-14
Madera,5391.0,76.0,20,0,2020-11-15
Madera,5433.0,76.0,42,0,2020-11-16
Madera,5485.0,76.0,52,0,2020-11-17
Madera,5519.0,79.0,34,3,2020-11-18
Madera,5540.0,79.0,21,0,2020-11-19
Madera,5635.0,80.0,95,1,2020-11-20
Madera,5706.0,80.0,71,0,2020-11-21
Madera,5745.0,80.0,39,0,2020-11-22
Madera,5787.0,80.0,42,0,2020-11-23
Madera,5881.0,83.0,94,3,2020-11-24
Madera,5989.0,85.0,108,2,2020-11-25
Madera,6003.0,85.0,14,0,2020-11-26
Madera,6050.0,85.0,47,0,2020-11-27
Madera,6119.0,85.0,69,0,2020-11-28
Madera,6184.0,85.0,65,0,2020-11-29
Madera,6210.0,86.0,26,1,2020-11-30
Madera,6270.0,86.0,60,0,2020-12-01
Madera,6370.0,86.0,100,0,2020-12-02
Madera,6398.0,86.0,28,0,2020-12-03
Madera,6479.0,90.0,81,4,2020-12-04
Madera,6619.0,90.0,140,0,2020-12-05
Madera,6826.0,90.0,207,0,2020-12-06
Madera,6935.0,90.0,109,0,2020-12-07
Madera,7082.0,107.0,147,17,2020-12-08
Madera,7216.0,107.0,134,0,2020-12-09
Madera,7445.0,107.0,229,0,2020-12-10
Madera,7648.0,107.0,203,0,2020-12-11
Madera,7765.0,107.0,117,0,2020-12-12
Madera,7909.0,107.0,144,0,2020-12-13
Madera,8011.0,107.0,102,0,2020-12-14
Tehama,0.0,0.0,0,0,2020-03-18
Tehama,0.0,0.0,0,0,2020-03-19
Tehama,0.0,0.0,0,0,2020-03-20
Tehama,0.0,0.0,0,0,2020-03-21
Tehama,0.0,0.0,0,0,2020-03-22
Tehama,0.0,0.0,0,0,2020-03-23
Tehama,0.0,0.0,0,0,2020-03-24
Tehama,0.0,0.0,0,0,2020-03-25
Tehama,0.0,0.0,0,0,2020-03-26
Tehama,0.0,0.0,0,0,2020-03-27
Tehama,0.0,0.0,0,0,2020-03-28
Tehama,0.0,0.0,0,0,2020-03-29
Tehama,0.0,0.0,0,0,2020-03-30
Tehama,0.0,0.0,0,0,2020-03-31
Tehama,0.0,0.0,0,0,2020-04-01
Tehama,1.0,0.0,1,0,2020-04-02
Tehama,1.0,0.0,0,0,2020-04-03
Tehama,1.0,0.0,0,0,2020-04-04
Tehama,1.0,0.0,0,0,2020-04-05
Tehama,1.0,0.0,0,0,2020-04-06
Tehama,1.0,0.0,0,0,2020-04-07
Tehama,1.0,0.0,0,0,2020-04-08
Tehama,1.0,0.0,0,0,2020-04-09
Tehama,1.0,0.0,0,0,2020-04-10
Tehama,1.0,0.0,0,0,2020-04-11
Tehama,1.0,0.0,0,0,2020-04-12
Tehama,1.0,0.0,0,0,2020-04-13
Tehama,1.0,0.0,0,0,2020-04-14
Tehama,1.0,1.0,0,1,2020-04-15
Tehama,1.0,1.0,0,0,2020-04-16
Tehama,1.0,1.0,0,0,2020-04-17
Tehama,1.0,1.0,0,0,2020-04-18
Tehama,1.0,1.0,0,0,2020-04-19
Tehama,1.0,1.0,0,0,2020-04-20
Tehama,1.0,1.0,0,0,2020-04-21
Tehama,1.0,1.0,0,0,2020-04-22
Tehama,1.0,1.0,0,0,2020-04-23
Tehama,1.0,1.0,0,0,2020-04-24
Tehama,1.0,1.0,0,0,2020-04-25
Tehama,1.0,1.0,0,0,2020-04-26
Tehama,1.0,1.0,0,0,2020-04-27
Tehama,1.0,1.0,0,0,2020-04-28
Tehama,1.0,1.0,0,0,2020-04-29
Tehama,1.0,1.0,0,0,2020-04-30
Tehama,1.0,1.0,0,0,2020-05-01
Tehama,1.0,1.0,0,0,2020-05-02
Tehama,1.0,1.0,0,0,2020-05-03
Tehama,1.0,1.0,0,0,2020-05-04
Tehama,1.0,1.0,0,0,2020-05-05
Tehama,1.0,1.0,0,0,2020-05-06
Tehama,1.0,1.0,0,0,2020-05-07
Tehama,1.0,1.0,0,0,2020-05-08
Tehama,1.0,1.0,0,0,2020-05-09
Tehama,1.0,1.0,0,0,2020-05-10
Tehama,1.0,1.0,0,0,2020-05-11
Tehama,1.0,1.0,0,0,2020-05-12
Tehama,1.0,1.0,0,0,2020-05-13
Tehama,1.0,1.0,0,0,2020-05-14
Tehama,1.0,1.0,0,0,2020-05-15
Tehama,2.0,1.0,1,0,2020-05-16
Tehama,2.0,1.0,0,0,2020-05-17
Tehama,2.0,1.0,0,0,2020-05-18
Tehama,2.0,1.0,0,0,2020-05-19
Tehama,2.0,1.0,0,0,2020-05-20
Tehama,2.0,1.0,0,0,2020-05-21
Tehama,2.0,1.0,0,0,2020-05-22
Tehama,2.0,1.0,0,0,2020-05-23
Tehama,2.0,1.0,0,0,2020-05-24
Tehama,2.0,1.0,0,0,2020-05-25
Tehama,2.0,1.0,0,0,2020-05-26
Tehama,3.0,1.0,1,0,2020-05-27
Tehama,4.0,1.0,1,0,2020-05-28
Tehama,4.0,1.0,0,0,2020-05-29
Tehama,4.0,1.0,0,0,2020-05-30
Tehama,4.0,1.0,0,0,2020-05-31
Tehama,5.0,1.0,1,0,2020-06-01
Tehama,6.0,1.0,1,0,2020-06-02
Tehama,6.0,1.0,0,0,2020-06-03
Tehama,6.0,1.0,0,0,2020-06-04
Tehama,7.0,1.0,1,0,2020-06-05
Tehama,8.0,1.0,1,0,2020-06-06
Tehama,8.0,1.0,0,0,2020-06-07
Tehama,8.0,1.0,0,0,2020-06-08
Tehama,9.0,1.0,1,0,2020-06-09
Tehama,10.0,1.0,1,0,2020-06-10
Tehama,10.0,1.0,0,0,2020-06-11
Tehama,13.0,1.0,3,0,2020-06-12
Tehama,17.0,1.0,4,0,2020-06-13
Tehama,17.0,1.0,0,0,2020-06-14
Tehama,17.0,1.0,0,0,2020-06-15
Tehama,24.0,1.0,7,0,2020-06-16
Tehama,24.0,1.0,0,0,2020-06-17
Tehama,31.0,1.0,7,0,2020-06-18
Tehama,35.0,1.0,4,0,2020-06-19
Tehama,35.0,1.0,0,0,2020-06-20
Tehama,35.0,1.0,0,0,2020-06-21
Tehama,38.0,1.0,3,0,2020-06-22
Tehama,50.0,1.0,12,0,2020-06-23
Tehama,55.0,1.0,5,0,2020-06-24
Tehama,59.0,1.0,4,0,2020-06-25
Tehama,63.0,1.0,4,0,2020-06-26
Tehama,64.0,1.0,1,0,2020-06-27
Tehama,67.0,1.0,3,0,2020-06-28
Tehama,71.0,1.0,4,0,2020-06-29
Tehama,78.0,1.0,7,0,2020-06-30
Tehama,80.0,1.0,2,0,2020-07-01
Tehama,86.0,1.0,6,0,2020-07-02
Tehama,89.0,1.0,3,0,2020-07-03
Tehama,92.0,1.0,3,0,2020-07-04
Tehama,95.0,1.0,3,0,2020-07-05
Tehama,95.0,1.0,0,0,2020-07-06
Tehama,95.0,1.0,0,0,2020-07-07
Tehama,100.0,1.0,5,0,2020-07-08
Tehama,102.0,1.0,2,0,2020-07-09
Tehama,107.0,1.0,5,0,2020-07-10
Tehama,111.0,1.0,4,0,2020-07-11
Tehama,111.0,1.0,0,0,2020-07-12
Tehama,112.0,1.0,1,0,2020-07-13
Tehama,123.0,1.0,11,0,2020-07-14
Tehama,126.0,1.0,3,0,2020-07-15
Tehama,126.0,1.0,0,0,2020-07-16
Tehama,128.0,1.0,2,0,2020-07-17
Tehama,136.0,1.0,8,0,2020-07-18
Tehama,138.0,1.0,2,0,2020-07-19
Tehama,146.0,1.0,8,0,2020-07-20
Tehama,150.0,1.0,4,0,2020-07-21
Tehama,155.0,1.0,5,0,2020-07-22
Tehama,158.0,1.0,3,0,2020-07-23
Tehama,170.0,1.0,12,0,2020-07-24
Tehama,169.0,1.0,-1,0,2020-07-25
Tehama,175.0,1.0,6,0,2020-07-26
Tehama,192.0,1.0,17,0,2020-07-27
Tehama,199.0,1.0,7,0,2020-07-28
Tehama,206.0,1.0,7,0,2020-07-29
Tehama,208.0,1.0,2,0,2020-07-30
Tehama,213.0,1.0,5,0,2020-07-31
Tehama,220.0,1.0,7,0,2020-08-01
Tehama,222.0,1.0,2,0,2020-08-02
Tehama,225.0,1.0,3,0,2020-08-03
Tehama,226.0,1.0,1,0,2020-08-04
Tehama,231.0,1.0,5,0,2020-08-05
Tehama,242.0,1.0,11,0,2020-08-06
Tehama,246.0,1.0,4,0,2020-08-07
Tehama,251.0,1.0,5,0,2020-08-08
Tehama,265.0,1.0,14,0,2020-08-09
Tehama,282.0,1.0,17,0,2020-08-10
Tehama,289.0,1.0,7,0,2020-08-11
Tehama,289.0,1.0,0,0,2020-08-12
Tehama,302.0,1.0,13,0,2020-08-13
Tehama,305.0,1.0,3,0,2020-08-14
Tehama,312.0,1.0,7,0,2020-08-15
Tehama,318.0,1.0,6,0,2020-08-16
Tehama,324.0,1.0,6,0,2020-08-17
Tehama,333.0,1.0,9,0,2020-08-18
Tehama,342.0,1.0,9,0,2020-08-19
Tehama,350.0,1.0,8,0,2020-08-20
Tehama,357.0,1.0,7,0,2020-08-21
Tehama,368.0,1.0,11,0,2020-08-22
Tehama,381.0,1.0,13,0,2020-08-23
Tehama,388.0,1.0,7,0,2020-08-24
Tehama,394.0,1.0,6,0,2020-08-25
Tehama,396.0,1.0,2,0,2020-08-26
Tehama,398.0,1.0,2,0,2020-08-27
Tehama,410.0,1.0,12,0,2020-08-28
Tehama,417.0,1.0,7,0,2020-08-29
Tehama,419.0,1.0,2,0,2020-08-30
Tehama,421.0,1.0,2,0,2020-08-31
Tehama,422.0,1.0,1,0,2020-09-01
Tehama,429.0,1.0,7,0,2020-09-02
Tehama,436.0,1.0,7,0,2020-09-03
Tehama,442.0,1.0,6,0,2020-09-04
Tehama,447.0,1.0,5,0,2020-09-05
Tehama,455.0,1.0,8,0,2020-09-06
Tehama,453.0,1.0,-2,0,2020-09-07
Tehama,458.0,1.0,5,0,2020-09-08
Tehama,462.0,1.0,4,0,2020-09-09
Tehama,466.0,1.0,4,0,2020-09-10
Tehama,466.0,1.0,0,0,2020-09-11
Tehama,471.0,1.0,5,0,2020-09-12
Tehama,476.0,1.0,5,0,2020-09-13
Tehama,475.0,1.0,-1,0,2020-09-14
Tehama,484.0,3.0,9,2,2020-09-15
Tehama,485.0,3.0,1,0,2020-09-16
Tehama,487.0,4.0,2,1,2020-09-17
Tehama,490.0,4.0,3,0,2020-09-18
Tehama,498.0,4.0,8,0,2020-09-19
Tehama,509.0,4.0,11,0,2020-09-20
Tehama,513.0,4.0,4,0,2020-09-21
Tehama,529.0,4.0,16,0,2020-09-22
Tehama,533.0,4.0,4,0,2020-09-23
Tehama,540.0,4.0,7,0,2020-09-24
Tehama,546.0,5.0,6,1,2020-09-25
Tehama,560.0,5.0,14,0,2020-09-26
Tehama,573.0,5.0,13,0,2020-09-27
Tehama,579.0,5.0,6,0,2020-09-28
Tehama,585.0,5.0,6,0,2020-09-29
Tehama,594.0,5.0,9,0,2020-09-30
Tehama,606.0,5.0,12,0,2020-10-01
Tehama,619.0,6.0,13,1,2020-10-02
Tehama,630.0,7.0,11,1,2020-10-03
Tehama,637.0,7.0,7,0,2020-10-04
Tehama,642.0,7.0,5,0,2020-10-05
Tehama,660.0,7.0,18,0,2020-10-06
Tehama,666.0,7.0,6,0,2020-10-07
Tehama,676.0,7.0,10,0,2020-10-08
Tehama,682.0,8.0,6,1,2020-10-09
Tehama,693.0,8.0,11,0,2020-10-10
Tehama,702.0,8.0,9,0,2020-10-11
Tehama,708.0,8.0,6,0,2020-10-12
Tehama,717.0,8.0,9,0,2020-10-13
Tehama,721.0,8.0,4,0,2020-10-14
Tehama,726.0,8.0,5,0,2020-10-15
Tehama,737.0,8.0,11,0,2020-10-16
Tehama,764.0,8.0,27,0,2020-10-17
Tehama,774.0,8.0,10,0,2020-10-18
Tehama,793.0,8.0,19,0,2020-10-19
Tehama,813.0,8.0,20,0,2020-10-20
Tehama,824.0,8.0,11,0,2020-10-21
Tehama,852.0,8.0,28,0,2020-10-22
Tehama,862.0,8.0,10,0,2020-10-23
Tehama,872.0,8.0,10,0,2020-10-24
Tehama,880.0,8.0,8,0,2020-10-25
Tehama,892.0,8.0,12,0,2020-10-26
Tehama,913.0,9.0,21,1,2020-10-27
Tehama,921.0,9.0,8,0,2020-10-28
Tehama,925.0,9.0,4,0,2020-10-29
Tehama,932.0,9.0,7,0,2020-10-30
Tehama,953.0,14.0,21,5,2020-10-31
Tehama,965.0,14.0,12,0,2020-11-01
Tehama,971.0,14.0,6,0,2020-11-02
Tehama,988.0,15.0,17,1,2020-11-03
Tehama,997.0,15.0,9,0,2020-11-04
Tehama,1015.0,17.0,18,2,2020-11-05
Tehama,1024.0,17.0,9,0,2020-11-06
Tehama,1040.0,19.0,16,2,2020-11-07
Tehama,1054.0,19.0,14,0,2020-11-08
Tehama,1071.0,19.0,17,0,2020-11-09
Tehama,1099.0,19.0,28,0,2020-11-10
Tehama,1105.0,19.0,6,0,2020-11-11
Tehama,1117.0,19.0,12,0,2020-11-12
Tehama,1167.0,19.0,50,0,2020-11-13
Tehama,1206.0,19.0,39,0,2020-11-14
Tehama,1222.0,19.0,16,0,2020-11-15
Tehama,1261.0,19.0,39,0,2020-11-16
Tehama,1290.0,19.0,29,0,2020-11-17
Tehama,1338.0,19.0,48,0,2020-11-18
Tehama,1373.0,23.0,35,4,2020-11-19
Tehama,1410.0,23.0,37,0,2020-11-20
Tehama,1435.0,23.0,25,0,2020-11-21
Tehama,1457.0,23.0,22,0,2020-11-22
Tehama,1526.0,23.0,69,0,2020-11-23
Tehama,1565.0,25.0,39,2,2020-11-24
Tehama,1587.0,25.0,22,0,2020-11-25
Tehama,1612.0,25.0,25,0,2020-11-26
Tehama,1649.0,25.0,37,0,2020-11-27
Tehama,1678.0,25.0,29,0,2020-11-28
Tehama,1710.0,25.0,32,0,2020-11-29
Tehama,1724.0,25.0,14,0,2020-11-30
Tehama,1773.0,26.0,49,1,2020-12-01
Tehama,1800.0,26.0,27,0,2020-12-02
Tehama,1832.0,26.0,32,0,2020-12-03
Tehama,1876.0,26.0,44,0,2020-12-04
Tehama,1926.0,28.0,50,2,2020-12-05
Tehama,1982.0,28.0,56,0,2020-12-06
Tehama,2030.0,28.0,48,0,2020-12-07
Tehama,2057.0,29.0,27,1,2020-12-08
Tehama,2102.0,30.0,45,1,2020-12-09
Tehama,2190.0,30.0,88,0,2020-12-10
Tehama,2232.0,30.0,42,0,2020-12-11
Tehama,2252.0,30.0,20,0,2020-12-12
Tehama,2325.0,30.0,73,0,2020-12-13
Tehama,2344.0,30.0,19,0,2020-12-14
Sutter,0.0,0.0,0,0,2020-03-18
Sutter,0.0,0.0,0,0,2020-03-19
Sutter,0.0,0.0,0,0,2020-03-20
Sutter,0.0,0.0,0,0,2020-03-21
Sutter,0.0,0.0,0,0,2020-03-22
Sutter,0.0,0.0,0,0,2020-03-23
Sutter,0.0,0.0,0,0,2020-03-24
Sutter,1.0,0.0,1,0,2020-03-25
Sutter,2.0,0.0,1,0,2020-03-26
Sutter,2.0,0.0,0,0,2020-03-27
Sutter,3.0,0.0,1,0,2020-03-28
Sutter,6.0,0.0,3,0,2020-03-29
Sutter,6.0,0.0,0,0,2020-03-30
Sutter,8.0,0.0,2,0,2020-03-31
Sutter,9.0,1.0,1,1,2020-04-01
Sutter,10.0,1.0,1,0,2020-04-02
Sutter,12.0,1.0,2,0,2020-04-03
Sutter,14.0,1.0,2,0,2020-04-04
Sutter,14.0,1.0,0,0,2020-04-05
Sutter,14.0,2.0,0,1,2020-04-06
Sutter,16.0,2.0,2,0,2020-04-07
Sutter,17.0,2.0,1,0,2020-04-08
Sutter,17.0,2.0,0,0,2020-04-09
Sutter,18.0,2.0,1,0,2020-04-10
Sutter,18.0,2.0,0,0,2020-04-11
Sutter,18.0,2.0,0,0,2020-04-12
Sutter,18.0,2.0,0,0,2020-04-13
Sutter,19.0,2.0,1,0,2020-04-14
Sutter,19.0,2.0,0,0,2020-04-15
Sutter,21.0,2.0,2,0,2020-04-16
Sutter,20.0,2.0,-1,0,2020-04-17
Sutter,21.0,2.0,1,0,2020-04-18
Sutter,21.0,2.0,0,0,2020-04-19
Sutter,22.0,2.0,1,0,2020-04-20
Sutter,22.0,2.0,0,0,2020-04-21
Sutter,22.0,2.0,0,0,2020-04-22
Sutter,24.0,2.0,2,0,2020-04-23
Sutter,24.0,2.0,0,0,2020-04-24
Sutter,24.0,2.0,0,0,2020-04-25
Sutter,26.0,2.0,2,0,2020-04-26
Sutter,26.0,2.0,0,0,2020-04-27
Sutter,25.0,2.0,-1,0,2020-04-28
Sutter,28.0,2.0,3,0,2020-04-29
Sutter,28.0,2.0,0,0,2020-04-30
Sutter,28.0,2.0,0,0,2020-05-01
Sutter,28.0,2.0,0,0,2020-05-02
Sutter,28.0,2.0,0,0,2020-05-03
Sutter,28.0,2.0,0,0,2020-05-04
Sutter,29.0,2.0,1,0,2020-05-05
Sutter,29.0,2.0,0,0,2020-05-06
Sutter,29.0,2.0,0,0,2020-05-07
Sutter,30.0,2.0,1,0,2020-05-08
Sutter,31.0,2.0,1,0,2020-05-09
Sutter,31.0,2.0,0,0,2020-05-10
Sutter,32.0,2.0,1,0,2020-05-11
Sutter,33.0,2.0,1,0,2020-05-12
Sutter,33.0,2.0,0,0,2020-05-13
Sutter,34.0,2.0,1,0,2020-05-14
Sutter,35.0,2.0,1,0,2020-05-15
Sutter,35.0,2.0,0,0,2020-05-16
Sutter,38.0,2.0,3,0,2020-05-17
Sutter,38.0,2.0,0,0,2020-05-18
Sutter,38.0,2.0,0,0,2020-05-19
Sutter,38.0,2.0,0,0,2020-05-20
Sutter,38.0,2.0,0,0,2020-05-21
Sutter,38.0,2.0,0,0,2020-05-22
Sutter,38.0,2.0,0,0,2020-05-23
Sutter,38.0,2.0,0,0,2020-05-24
Sutter,38.0,2.0,0,0,2020-05-25
Sutter,39.0,2.0,1,0,2020-05-26
Sutter,40.0,2.0,1,0,2020-05-27
Sutter,40.0,2.0,0,0,2020-05-28
Sutter,40.0,2.0,0,0,2020-05-29
Sutter,40.0,2.0,0,0,2020-05-30
Sutter,42.0,2.0,2,0,2020-05-31
Sutter,43.0,2.0,1,0,2020-06-01
Sutter,43.0,2.0,0,0,2020-06-02
Sutter,45.0,2.0,2,0,2020-06-03
Sutter,46.0,2.0,1,0,2020-06-04
Sutter,49.0,2.0,3,0,2020-06-05
Sutter,51.0,2.0,2,0,2020-06-06
Sutter,55.0,2.0,4,0,2020-06-07
Sutter,55.0,2.0,0,0,2020-06-08
Sutter,56.0,2.0,1,0,2020-06-09
Sutter,56.0,2.0,0,0,2020-06-10
Sutter,56.0,2.0,0,0,2020-06-11
Sutter,56.0,2.0,0,0,2020-06-12
Sutter,62.0,2.0,6,0,2020-06-13
Sutter,63.0,2.0,1,0,2020-06-14
Sutter,71.0,3.0,8,1,2020-06-15
Sutter,73.0,3.0,2,0,2020-06-16
Sutter,79.0,3.0,6,0,2020-06-17
Sutter,85.0,3.0,6,0,2020-06-18
Sutter,89.0,3.0,4,0,2020-06-19
Sutter,89.0,3.0,0,0,2020-06-20
Sutter,96.0,3.0,7,0,2020-06-21
Sutter,100.0,3.0,4,0,2020-06-22
Sutter,112.0,3.0,12,0,2020-06-23
Sutter,118.0,3.0,6,0,2020-06-24
Sutter,127.0,3.0,9,0,2020-06-25
Sutter,140.0,3.0,13,0,2020-06-26
Sutter,144.0,3.0,4,0,2020-06-27
Sutter,152.0,3.0,8,0,2020-06-28
Sutter,168.0,3.0,16,0,2020-06-29
Sutter,181.0,3.0,13,0,2020-06-30
Sutter,188.0,3.0,7,0,2020-07-01
Sutter,195.0,3.0,7,0,2020-07-02
Sutter,205.0,3.0,10,0,2020-07-03
Sutter,225.0,3.0,20,0,2020-07-04
Sutter,241.0,3.0,16,0,2020-07-05
Sutter,250.0,3.0,9,0,2020-07-06
Sutter,273.0,3.0,23,0,2020-07-07
Sutter,298.0,4.0,25,1,2020-07-08
Sutter,321.0,4.0,23,0,2020-07-09
Sutter,338.0,4.0,17,0,2020-07-10
Sutter,352.0,4.0,14,0,2020-07-11
Sutter,362.0,4.0,10,0,2020-07-12
Sutter,379.0,4.0,17,0,2020-07-13
Sutter,405.0,4.0,26,0,2020-07-14
Sutter,433.0,4.0,28,0,2020-07-15
Sutter,444.0,4.0,11,0,2020-07-16
Sutter,458.0,4.0,14,0,2020-07-17
Sutter,473.0,4.0,15,0,2020-07-18
Sutter,480.0,4.0,7,0,2020-07-19
Sutter,507.0,4.0,27,0,2020-07-20
Sutter,533.0,4.0,26,0,2020-07-21
Sutter,551.0,4.0,18,0,2020-07-22
Sutter,570.0,4.0,19,0,2020-07-23
Sutter,593.0,4.0,23,0,2020-07-24
Sutter,603.0,4.0,10,0,2020-07-25
Sutter,612.0,4.0,9,0,2020-07-26
Sutter,620.0,4.0,8,0,2020-07-27
Sutter,653.0,6.0,33,2,2020-07-28
Sutter,678.0,6.0,25,0,2020-07-29
Sutter,698.0,6.0,20,0,2020-07-30
Sutter,714.0,6.0,16,0,2020-07-31
Sutter,714.0,6.0,0,0,2020-08-01
Sutter,714.0,6.0,0,0,2020-08-02
Sutter,713.0,6.0,-1,0,2020-08-03
Sutter,761.0,6.0,48,0,2020-08-04
Sutter,780.0,6.0,19,0,2020-08-05
Sutter,797.0,6.0,17,0,2020-08-06
Sutter,807.0,6.0,10,0,2020-08-07
Sutter,830.0,7.0,23,1,2020-08-08
Sutter,857.0,7.0,27,0,2020-08-09
Sutter,865.0,7.0,8,0,2020-08-10
Sutter,964.0,7.0,99,0,2020-08-11
Sutter,987.0,7.0,23,0,2020-08-12
Sutter,992.0,7.0,5,0,2020-08-13
Sutter,1039.0,7.0,47,0,2020-08-14
Sutter,1046.0,7.0,7,0,2020-08-15
Sutter,1071.0,7.0,25,0,2020-08-16
Sutter,1071.0,7.0,0,0,2020-08-17
Sutter,1126.0,7.0,55,0,2020-08-18
Sutter,1146.0,7.0,20,0,2020-08-19
Sutter,1158.0,7.0,12,0,2020-08-20
Sutter,1173.0,7.0,15,0,2020-08-21
Sutter,1189.0,7.0,16,0,2020-08-22
Sutter,1203.0,8.0,14,1,2020-08-23
Sutter,1219.0,8.0,16,0,2020-08-24
Sutter,1259.0,8.0,40,0,2020-08-25
Sutter,1275.0,8.0,16,0,2020-08-26
Sutter,1296.0,8.0,21,0,2020-08-27
Sutter,1308.0,10.0,12,2,2020-08-28
Sutter,1333.0,10.0,25,0,2020-08-29
Sutter,1351.0,10.0,18,0,2020-08-30
Sutter,1365.0,10.0,14,0,2020-08-31
Sutter,1389.0,10.0,24,0,2020-09-01
Sutter,1401.0,10.0,12,0,2020-09-02
Sutter,1412.0,10.0,11,0,2020-09-03
Sutter,1425.0,10.0,13,0,2020-09-04
Sutter,1445.0,10.0,20,0,2020-09-05
Sutter,1451.0,10.0,6,0,2020-09-06
Sutter,1468.0,10.0,17,0,2020-09-07
Sutter,1473.0,10.0,5,0,2020-09-08
Sutter,1487.0,10.0,14,0,2020-09-09
Sutter,1494.0,10.0,7,0,2020-09-10
Sutter,1505.0,10.0,11,0,2020-09-11
Sutter,1529.0,10.0,24,0,2020-09-12
Sutter,1539.0,10.0,10,0,2020-09-13
Sutter,1549.0,10.0,10,0,2020-09-14
Sutter,1556.0,10.0,7,0,2020-09-15
Sutter,1567.0,10.0,11,0,2020-09-16
Sutter,1572.0,10.0,5,0,2020-09-17
Sutter,1586.0,10.0,14,0,2020-09-18
Sutter,1602.0,10.0,16,0,2020-09-19
Sutter,1624.0,10.0,22,0,2020-09-20
Sutter,1634.0,10.0,10,0,2020-09-21
Sutter,1638.0,10.0,4,0,2020-09-22
Sutter,1646.0,11.0,8,1,2020-09-23
Sutter,1646.0,11.0,0,0,2020-09-24
Sutter,1655.0,11.0,9,0,2020-09-25
Sutter,1662.0,11.0,7,0,2020-09-26
Sutter,1672.0,11.0,10,0,2020-09-27
Sutter,1676.0,11.0,4,0,2020-09-28
Sutter,1677.0,11.0,1,0,2020-09-29
Sutter,1680.0,11.0,3,0,2020-09-30
Sutter,1684.0,11.0,4,0,2020-10-01
Sutter,1693.0,11.0,9,0,2020-10-02
Sutter,1705.0,11.0,12,0,2020-10-03
Sutter,1711.0,11.0,6,0,2020-10-04
Sutter,1719.0,11.0,8,0,2020-10-05
Sutter,1722.0,12.0,3,1,2020-10-06
Sutter,1723.0,12.0,1,0,2020-10-07
Sutter,1725.0,12.0,2,0,2020-10-08
Sutter,1732.0,12.0,7,0,2020-10-09
Sutter,1735.0,12.0,3,0,2020-10-10
Sutter,1742.0,12.0,7,0,2020-10-11
Sutter,1741.0,12.0,-1,0,2020-10-12
Sutter,1748.0,12.0,7,0,2020-10-13
Sutter,1747.0,12.0,-1,0,2020-10-14
Sutter,1752.0,12.0,5,0,2020-10-15
Sutter,1756.0,12.0,4,0,2020-10-16
Sutter,1762.0,12.0,6,0,2020-10-17
Sutter,1764.0,12.0,2,0,2020-10-18
Sutter,1773.0,12.0,9,0,2020-10-19
Sutter,1783.0,12.0,10,0,2020-10-20
Sutter,1786.0,12.0,3,0,2020-10-21
Sutter,1794.0,12.0,8,0,2020-10-22
Sutter,1797.0,12.0,3,0,2020-10-23
Sutter,1804.0,12.0,7,0,2020-10-24
Sutter,1811.0,12.0,7,0,2020-10-25
Sutter,1817.0,12.0,6,0,2020-10-26
Sutter,1832.0,12.0,15,0,2020-10-27
Sutter,1840.0,12.0,8,0,2020-10-28
Sutter,1852.0,12.0,12,0,2020-10-29
Sutter,1860.0,12.0,8,0,2020-10-30
Sutter,1876.0,12.0,16,0,2020-10-31
Sutter,1888.0,12.0,12,0,2020-11-01
Sutter,1895.0,12.0,7,0,2020-11-02
Sutter,1914.0,12.0,19,0,2020-11-03
Sutter,1916.0,12.0,2,0,2020-11-04
Sutter,1925.0,12.0,9,0,2020-11-05
Sutter,1937.0,12.0,12,0,2020-11-06
Sutter,1947.0,12.0,10,0,2020-11-07
Sutter,1980.0,12.0,33,0,2020-11-08
Sutter,2010.0,12.0,30,0,2020-11-09
Sutter,2035.0,12.0,25,0,2020-11-10
Sutter,2049.0,12.0,14,0,2020-11-11
Sutter,2075.0,12.0,26,0,2020-11-12
Sutter,2121.0,12.0,46,0,2020-11-13
Sutter,2182.0,12.0,61,0,2020-11-14
Sutter,2230.0,12.0,48,0,2020-11-15
Sutter,2322.0,12.0,92,0,2020-11-16
Sutter,2370.0,13.0,48,1,2020-11-17
Sutter,2442.0,13.0,72,0,2020-11-18
Sutter,2509.0,13.0,67,0,2020-11-19
Sutter,2580.0,13.0,71,0,2020-11-20
Sutter,2615.0,13.0,35,0,2020-11-21
Sutter,2677.0,13.0,62,0,2020-11-22
Sutter,2840.0,14.0,163,1,2020-11-23
Sutter,2974.0,14.0,134,0,2020-11-24
Sutter,3064.0,15.0,90,1,2020-11-25
Sutter,3101.0,15.0,37,0,2020-11-26
Sutter,3101.0,15.0,0,0,2020-11-27
Sutter,3244.0,16.0,143,1,2020-11-28
Sutter,3297.0,16.0,53,0,2020-11-29
Sutter,3430.0,16.0,133,0,2020-11-30
Sutter,3538.0,19.0,108,3,2020-12-01
Sutter,3604.0,19.0,66,0,2020-12-02
Sutter,3727.0,19.0,123,0,2020-12-03
Sutter,3791.0,19.0,64,0,2020-12-04
Sutter,3937.0,20.0,146,1,2020-12-05
Sutter,4009.0,20.0,72,0,2020-12-06
Sutter,4106.0,22.0,97,2,2020-12-07
Sutter,4342.0,25.0,236,3,2020-12-08
Sutter,4418.0,26.0,76,1,2020-12-09
Sutter,4528.0,30.0,110,4,2020-12-10
Sutter,4600.0,31.0,72,1,2020-12-11
Sutter,4717.0,33.0,117,2,2020-12-12
Sutter,4798.0,33.0,81,0,2020-12-13
Sutter,5001.0,33.0,203,0,2020-12-14
Napa,0.0,0.0,0,0,2020-03-18
Napa,0.0,0.0,0,0,2020-03-19
Napa,0.0,0.0,0,0,2020-03-20
Napa,0.0,0.0,0,0,2020-03-21
Napa,1.0,0.0,1,0,2020-03-22
Napa,1.0,0.0,0,0,2020-03-23
Napa,2.0,0.0,1,0,2020-03-24
Napa,5.0,0.0,3,0,2020-03-25
Napa,5.0,0.0,0,0,2020-03-26
Napa,5.0,0.0,0,0,2020-03-27
Napa,5.0,0.0,0,0,2020-03-28
Napa,5.0,0.0,0,0,2020-03-29
Napa,9.0,0.0,4,0,2020-03-30
Napa,9.0,0.0,0,0,2020-03-31
Napa,11.0,0.0,2,0,2020-04-01
Napa,13.0,0.0,2,0,2020-04-02
Napa,13.0,1.0,0,1,2020-04-03
Napa,15.0,2.0,2,1,2020-04-04
Napa,15.0,2.0,0,0,2020-04-05
Napa,18.0,2.0,3,0,2020-04-06
Napa,18.0,2.0,0,0,2020-04-07
Napa,21.0,2.0,3,0,2020-04-08
Napa,27.0,2.0,6,0,2020-04-09
Napa,28.0,2.0,1,0,2020-04-10
Napa,29.0,2.0,1,0,2020-04-11
Napa,29.0,2.0,0,0,2020-04-12
Napa,30.0,2.0,1,0,2020-04-13
Napa,33.0,2.0,3,0,2020-04-14
Napa,34.0,2.0,1,0,2020-04-15
Napa,44.0,2.0,10,0,2020-04-16
Napa,46.0,2.0,2,0,2020-04-17
Napa,49.0,2.0,3,0,2020-04-18
Napa,49.0,2.0,0,0,2020-04-19
Napa,55.0,2.0,6,0,2020-04-20
Napa,58.0,2.0,3,0,2020-04-21
Napa,58.0,2.0,0,0,2020-04-22
Napa,59.0,2.0,1,0,2020-04-23
Napa,59.0,2.0,0,0,2020-04-24
Napa,60.0,2.0,1,0,2020-04-25
Napa,62.0,2.0,2,0,2020-04-26
Napa,64.0,2.0,2,0,2020-04-27
Napa,67.0,2.0,3,0,2020-04-28
Napa,68.0,2.0,1,0,2020-04-29
Napa,69.0,2.0,1,0,2020-04-30
Napa,69.0,2.0,0,0,2020-05-01
Napa,71.0,2.0,2,0,2020-05-02
Napa,72.0,2.0,1,0,2020-05-03
Napa,72.0,2.0,0,0,2020-05-04
Napa,74.0,2.0,2,0,2020-05-05
Napa,78.0,2.0,4,0,2020-05-06
Napa,78.0,2.0,0,0,2020-05-07
Napa,78.0,2.0,0,0,2020-05-08
Napa,78.0,2.0,0,0,2020-05-09
Napa,79.0,3.0,1,1,2020-05-10
Napa,79.0,3.0,0,0,2020-05-11
Napa,80.0,3.0,1,0,2020-05-12
Napa,81.0,3.0,1,0,2020-05-13
Napa,83.0,3.0,2,0,2020-05-14
Napa,83.0,3.0,0,0,2020-05-15
Napa,86.0,3.0,3,0,2020-05-16
Napa,89.0,3.0,3,0,2020-05-17
Napa,92.0,3.0,3,0,2020-05-18
Napa,93.0,3.0,1,0,2020-05-19
Napa,93.0,3.0,0,0,2020-05-20
Napa,96.0,3.0,3,0,2020-05-21
Napa,97.0,3.0,1,0,2020-05-22
Napa,101.0,3.0,4,0,2020-05-23
Napa,104.0,3.0,3,0,2020-05-24
Napa,107.0,3.0,3,0,2020-05-25
Napa,109.0,3.0,2,0,2020-05-26
Napa,112.0,3.0,3,0,2020-05-27
Napa,113.0,3.0,1,0,2020-05-28
Napa,113.0,3.0,0,0,2020-05-29
Napa,113.0,3.0,0,0,2020-05-30
Napa,114.0,3.0,1,0,2020-05-31
Napa,114.0,3.0,0,0,2020-06-01
Napa,116.0,3.0,2,0,2020-06-02
Napa,116.0,3.0,0,0,2020-06-03
Napa,117.0,3.0,1,0,2020-06-04
Napa,123.0,3.0,6,0,2020-06-05
Napa,136.0,3.0,13,0,2020-06-06
Napa,142.0,3.0,6,0,2020-06-07
Napa,151.0,3.0,9,0,2020-06-08
Napa,156.0,3.0,5,0,2020-06-09
Napa,159.0,3.0,3,0,2020-06-10
Napa,162.0,3.0,3,0,2020-06-11
Napa,162.0,3.0,0,0,2020-06-12
Napa,171.0,3.0,9,0,2020-06-13
Napa,181.0,3.0,10,0,2020-06-14
Napa,187.0,3.0,6,0,2020-06-15
Napa,196.0,3.0,9,0,2020-06-16
Napa,202.0,4.0,6,1,2020-06-17
Napa,205.0,4.0,3,0,2020-06-18
Napa,209.0,4.0,4,0,2020-06-19
Napa,212.0,4.0,3,0,2020-06-20
Napa,218.0,4.0,6,0,2020-06-21
Napa,222.0,4.0,4,0,2020-06-22
Napa,230.0,4.0,8,0,2020-06-23
Napa,258.0,4.0,28,0,2020-06-24
Napa,260.0,4.0,2,0,2020-06-25
Napa,278.0,4.0,18,0,2020-06-26
Napa,284.0,4.0,6,0,2020-06-27
Napa,316.0,4.0,32,0,2020-06-28
Napa,334.0,4.0,18,0,2020-06-29
Napa,345.0,4.0,11,0,2020-06-30
Napa,346.0,4.0,1,0,2020-07-01
Napa,352.0,4.0,6,0,2020-07-02
Napa,388.0,4.0,36,0,2020-07-03
Napa,426.0,4.0,38,0,2020-07-04
Napa,450.0,4.0,24,0,2020-07-05
Napa,454.0,4.0,4,0,2020-07-06
Napa,459.0,4.0,5,0,2020-07-07
Napa,468.0,4.0,9,0,2020-07-08
Napa,468.0,4.0,0,0,2020-07-09
Napa,496.0,4.0,28,0,2020-07-10
Napa,509.0,4.0,13,0,2020-07-11
Napa,519.0,4.0,10,0,2020-07-12
Napa,534.0,4.0,15,0,2020-07-13
Napa,557.0,4.0,23,0,2020-07-14
Napa,573.0,4.0,16,0,2020-07-15
Napa,581.0,4.0,8,0,2020-07-16
Napa,598.0,5.0,17,1,2020-07-17
Napa,609.0,5.0,11,0,2020-07-18
Napa,612.0,5.0,3,0,2020-07-19
Napa,632.0,7.0,20,2,2020-07-20
Napa,660.0,7.0,28,0,2020-07-21
Napa,687.0,7.0,27,0,2020-07-22
Napa,713.0,8.0,26,1,2020-07-23
Napa,741.0,8.0,28,0,2020-07-24
Napa,746.0,8.0,5,0,2020-07-25
Napa,769.0,8.0,23,0,2020-07-26
Napa,769.0,8.0,0,0,2020-07-27
Napa,824.0,8.0,55,0,2020-07-28
Napa,866.0,8.0,42,0,2020-07-29
Napa,874.0,8.0,8,0,2020-07-30
Napa,897.0,8.0,23,0,2020-07-31
Napa,923.0,8.0,26,0,2020-08-01
Napa,956.0,8.0,33,0,2020-08-02
Napa,973.0,9.0,17,1,2020-08-03
Napa,994.0,9.0,21,0,2020-08-04
Napa,1020.0,9.0,26,0,2020-08-05
Napa,1032.0,9.0,12,0,2020-08-06
Napa,1055.0,10.0,23,1,2020-08-07
Napa,1062.0,10.0,7,0,2020-08-08
Napa,1062.0,10.0,0,0,2020-08-09
Napa,1084.0,11.0,22,1,2020-08-10
Napa,1143.0,11.0,59,0,2020-08-11
Napa,1161.0,11.0,18,0,2020-08-12
Napa,1179.0,11.0,18,0,2020-08-13
Napa,1230.0,11.0,51,0,2020-08-14
Napa,1232.0,11.0,2,0,2020-08-15
Napa,1241.0,11.0,9,0,2020-08-16
Napa,1255.0,13.0,14,2,2020-08-17
Napa,1274.0,13.0,19,0,2020-08-18
Napa,1293.0,13.0,19,0,2020-08-19
Napa,1306.0,13.0,13,0,2020-08-20
Napa,1317.0,13.0,11,0,2020-08-21
Napa,1328.0,13.0,11,0,2020-08-22
Napa,1348.0,13.0,20,0,2020-08-23
Napa,1358.0,13.0,10,0,2020-08-24
Napa,1374.0,13.0,16,0,2020-08-25
Napa,1382.0,13.0,8,0,2020-08-26
Napa,1397.0,13.0,15,0,2020-08-27
Napa,1403.0,13.0,6,0,2020-08-28
Napa,1413.0,13.0,10,0,2020-08-29
Napa,1423.0,13.0,10,0,2020-08-30
Napa,1434.0,13.0,11,0,2020-08-31
Napa,1446.0,13.0,12,0,2020-09-01
Napa,1454.0,13.0,8,0,2020-09-02
Napa,1466.0,13.0,12,0,2020-09-03
Napa,1475.0,13.0,9,0,2020-09-04
Napa,1484.0,13.0,9,0,2020-09-05
Napa,1501.0,13.0,17,0,2020-09-06
Napa,1514.0,13.0,13,0,2020-09-07
Napa,1518.0,13.0,4,0,2020-09-08
Napa,1531.0,13.0,13,0,2020-09-09
Napa,1536.0,13.0,5,0,2020-09-10
Napa,1543.0,13.0,7,0,2020-09-11
Napa,1556.0,13.0,13,0,2020-09-12
Napa,1563.0,13.0,7,0,2020-09-13
Napa,1576.0,13.0,13,0,2020-09-14
Napa,1580.0,13.0,4,0,2020-09-15
Napa,1587.0,13.0,7,0,2020-09-16
Napa,1592.0,13.0,5,0,2020-09-17
Napa,1604.0,13.0,12,0,2020-09-18
Napa,1614.0,13.0,10,0,2020-09-19
Napa,1626.0,13.0,12,0,2020-09-20
Napa,1641.0,13.0,15,0,2020-09-21
Napa,1652.0,13.0,11,0,2020-09-22
Napa,1653.0,13.0,1,0,2020-09-23
Napa,1661.0,13.0,8,0,2020-09-24
Napa,1669.0,13.0,8,0,2020-09-25
Napa,1681.0,13.0,12,0,2020-09-26
Napa,1690.0,13.0,9,0,2020-09-27
Napa,1705.0,13.0,15,0,2020-09-28
Napa,1727.0,13.0,22,0,2020-09-29
Napa,1728.0,13.0,1,0,2020-09-30
Napa,1729.0,13.0,1,0,2020-10-01
Napa,1737.0,13.0,8,0,2020-10-02
Napa,1752.0,13.0,15,0,2020-10-03
Napa,1759.0,13.0,7,0,2020-10-04
Napa,1760.0,13.0,1,0,2020-10-05
Napa,1770.0,13.0,10,0,2020-10-06
Napa,1774.0,13.0,4,0,2020-10-07
Napa,1779.0,13.0,5,0,2020-10-08
Napa,1795.0,13.0,16,0,2020-10-09
Napa,1804.0,13.0,9,0,2020-10-10
Napa,1811.0,13.0,7,0,2020-10-11
Napa,1819.0,14.0,8,1,2020-10-12
Napa,1825.0,14.0,6,0,2020-10-13
Napa,1837.0,14.0,12,0,2020-10-14
Napa,1842.0,14.0,5,0,2020-10-15
Napa,1855.0,14.0,13,0,2020-10-16
Napa,1866.0,14.0,11,0,2020-10-17
Napa,1882.0,14.0,16,0,2020-10-18
Napa,1892.0,14.0,10,0,2020-10-19
Napa,1912.0,14.0,20,0,2020-10-20
Napa,1918.0,15.0,6,1,2020-10-21
Napa,1928.0,15.0,10,0,2020-10-22
Napa,1942.0,15.0,14,0,2020-10-23
Napa,1957.0,15.0,15,0,2020-10-24
Napa,1962.0,15.0,5,0,2020-10-25
Napa,1966.0,16.0,4,1,2020-10-26
Napa,1979.0,16.0,13,0,2020-10-27
Napa,1998.0,16.0,19,0,2020-10-28
Napa,2009.0,16.0,11,0,2020-10-29
Napa,2028.0,16.0,19,0,2020-10-30
Napa,2040.0,16.0,12,0,2020-10-31
Napa,2067.0,16.0,27,0,2020-11-01
Napa,2081.0,16.0,14,0,2020-11-02
Napa,2130.0,16.0,49,0,2020-11-03
Napa,2133.0,16.0,3,0,2020-11-04
Napa,2158.0,16.0,25,0,2020-11-05
Napa,2189.0,16.0,31,0,2020-11-06
Napa,2242.0,16.0,53,0,2020-11-07
Napa,2274.0,16.0,32,0,2020-11-08
Napa,2309.0,16.0,35,0,2020-11-09
Napa,2341.0,17.0,32,1,2020-11-10
Napa,2365.0,17.0,24,0,2020-11-11
Napa,2398.0,17.0,33,0,2020-11-12
Napa,2440.0,17.0,42,0,2020-11-13
Napa,2473.0,17.0,33,0,2020-11-14
Napa,2509.0,17.0,36,0,2020-11-15
Napa,2536.0,17.0,27,0,2020-11-16
Napa,2568.0,17.0,32,0,2020-11-17
Napa,2607.0,17.0,39,0,2020-11-18
Napa,2641.0,17.0,34,0,2020-11-19
Napa,2718.0,17.0,77,0,2020-11-20
Napa,2757.0,17.0,39,0,2020-11-21
Napa,2778.0,17.0,21,0,2020-11-22
Napa,2811.0,17.0,33,0,2020-11-23
Napa,2904.0,17.0,93,0,2020-11-24
Napa,2945.0,17.0,41,0,2020-11-25
Napa,2988.0,17.0,43,0,2020-11-26
Napa,2988.0,17.0,0,0,2020-11-27
Napa,3033.0,17.0,45,0,2020-11-28
Napa,3090.0,17.0,57,0,2020-11-29
Napa,3091.0,18.0,1,1,2020-11-30
Napa,3124.0,18.0,33,0,2020-12-01
Napa,3298.0,18.0,174,0,2020-12-02
Napa,3360.0,18.0,62,0,2020-12-03
Napa,3432.0,19.0,72,1,2020-12-04
Napa,3565.0,19.0,133,0,2020-12-05
Napa,3644.0,19.0,79,0,2020-12-06
Napa,3684.0,21.0,40,2,2020-12-07
Napa,3778.0,21.0,94,0,2020-12-08
Napa,3858.0,23.0,80,2,2020-12-09
Napa,3974.0,23.0,116,0,2020-12-10
Napa,4054.0,23.0,80,0,2020-12-11
Napa,4113.0,23.0,59,0,2020-12-12
Napa,4194.0,23.0,81,0,2020-12-13
Napa,4289.0,24.0,95,1,2020-12-14
Los Angeles,47.0,0.0,47,0,2020-03-18
Los Angeles,233.0,0.0,186,0,2020-03-19
Los Angeles,267.0,1.0,34,1,2020-03-20
Los Angeles,322.0,2.0,55,1,2020-03-21
Los Angeles,384.0,3.0,62,1,2020-03-22
Los Angeles,389.0,4.0,5,1,2020-03-23
Los Angeles,633.0,11.0,244,7,2020-03-24
Los Angeles,725.0,10.0,92,-1,2020-03-25
Los Angeles,1075.0,18.0,350,8,2020-03-26
Los Angeles,1474.0,26.0,399,8,2020-03-27
Los Angeles,1800.0,32.0,326,6,2020-03-28
Los Angeles,2119.0,37.0,319,5,2020-03-29
Los Angeles,2467.0,44.0,348,7,2020-03-30
Los Angeles,3001.0,53.0,534,9,2020-03-31
Los Angeles,3502.0,66.0,501,13,2020-04-01
Los Angeles,4040.0,79.0,538,13,2020-04-02
Los Angeles,4566.0,91.0,526,12,2020-04-03
Los Angeles,5275.0,117.0,709,26,2020-04-04
Los Angeles,5892.0,130.0,617,13,2020-04-05
Los Angeles,6346.0,145.0,454,15,2020-04-06
Los Angeles,6885.0,170.0,539,25,2020-04-07
Los Angeles,7505.0,196.0,620,26,2020-04-08
Los Angeles,7919.0,220.0,414,24,2020-04-09
Los Angeles,8384.0,241.0,465,21,2020-04-10
Los Angeles,8823.0,265.0,439,24,2020-04-11
Los Angeles,9133.0,296.0,310,31,2020-04-12
Los Angeles,9367.0,320.0,234,24,2020-04-13
Los Angeles,9948.0,360.0,581,40,2020-04-14
Los Angeles,10416.0,402.0,468,42,2020-04-15
Los Angeles,10786.0,455.0,370,53,2020-04-16
Los Angeles,11354.0,495.0,568,40,2020-04-17
Los Angeles,11984.0,576.0,630,81,2020-04-18
Los Angeles,12299.0,600.0,315,24,2020-04-19
Los Angeles,13787.0,617.0,1488,17,2020-04-20
Los Angeles,15096.0,663.0,1309,46,2020-04-21
Los Angeles,16400.0,729.0,1304,66,2020-04-22
Los Angeles,17548.0,797.0,1148,68,2020-04-23
Los Angeles,18553.0,848.0,1005,51,2020-04-24
Los Angeles,19144.0,895.0,591,47,2020-04-25
Los Angeles,19570.0,913.0,426,18,2020-04-26
Los Angeles,20456.0,942.0,886,29,2020-04-27
Los Angeles,21029.0,1000.0,573,58,2020-04-28
Los Angeles,22560.0,1056.0,1531,56,2020-04-29
Los Angeles,23284.0,1111.0,724,55,2020-04-30
Los Angeles,24306.0,1172.0,1022,61,2020-05-01
Los Angeles,24955.0,1209.0,649,37,2020-05-02
Los Angeles,25708.0,1229.0,753,20,2020-05-03
Los Angeles,26243.0,1256.0,535,27,2020-05-04
Los Angeles,27867.0,1313.0,1624,57,2020-05-05
Los Angeles,28687.0,1367.0,820,54,2020-05-06
Los Angeles,29544.0,1418.0,857,51,2020-05-07
Los Angeles,30357.0,1468.0,813,50,2020-05-08
Los Angeles,31268.0,1512.0,911,44,2020-05-09
Los Angeles,31711.0,1530.0,443,18,2020-05-10
Los Angeles,32279.0,1569.0,568,39,2020-05-11
Los Angeles,33281.0,1613.0,1002,44,2020-05-12
Los Angeles,34574.0,1659.0,1293,46,2020-05-13
Los Angeles,35427.0,1709.0,853,50,2020-05-14
Los Angeles,36317.0,1755.0,890,46,2020-05-15
Los Angeles,37352.0,1793.0,1035,38,2020-05-16
Los Angeles,37996.0,1821.0,644,28,2020-05-17
Los Angeles,38477.0,1839.0,481,18,2020-05-18
Los Angeles,39670.0,1913.0,1193,74,2020-05-19
Los Angeles,40932.0,1970.0,1262,57,2020-05-20
Los Angeles,42063.0,2016.0,1131,46,2020-05-21
Los Angeles,43025.0,2049.0,962,33,2020-05-22
Los Angeles,44029.0,2090.0,1004,41,2020-05-23
Los Angeles,44954.0,2104.0,925,14,2020-05-24
Los Angeles,45952.0,2116.0,998,12,2020-05-25
Los Angeles,47760.0,2143.0,1808,27,2020-05-26
Los Angeles,48711.0,2195.0,951,52,2020-05-27
Los Angeles,49861.0,2241.0,1150,46,2020-05-28
Los Angeles,51578.0,2290.0,1717,49,2020-05-29
Los Angeles,53627.0,2338.0,2049,48,2020-05-30
Los Angeles,54925.0,2362.0,1298,24,2020-05-31
Los Angeles,55899.0,2384.0,974,22,2020-06-01
Los Angeles,57144.0,2443.0,1245,59,2020-06-02
Los Angeles,58166.0,2489.0,1022,46,2020-06-03
Los Angeles,59596.0,2531.0,1430,42,2020-06-04
Los Angeles,60955.0,2565.0,1359,34,2020-06-05
Los Angeles,62269.0,2620.0,1314,55,2020-06-06
Los Angeles,63750.0,2645.0,1481,25,2020-06-07
Los Angeles,64634.0,2655.0,884,10,2020-06-08
Los Angeles,65827.0,2707.0,1193,52,2020-06-09
Los Angeles,67018.0,2768.0,1191,61,2020-06-10
Los Angeles,68807.0,2813.0,1789,45,2020-06-11
Los Angeles,70385.0,2834.0,1578,21,2020-06-12
Los Angeles,71938.0,2890.0,1553,56,2020-06-13
Los Angeles,72932.0,2907.0,994,17,2020-06-14
Los Angeles,73705.0,2926.0,773,19,2020-06-15
Los Angeles,75051.0,2959.0,1346,33,2020-06-16
Los Angeles,77166.0,2991.0,2115,32,2020-06-17
Los Angeles,78244.0,3027.0,1078,36,2020-06-18
Los Angeles,79572.0,3063.0,1328,36,2020-06-19
Los Angeles,81604.0,3110.0,2032,47,2020-06-20
Los Angeles,83383.0,3120.0,1779,10,2020-06-21
Los Angeles,85925.0,3138.0,2542,18,2020-06-22
Los Angeles,88433.0,3171.0,2508,33,2020-06-23
Los Angeles,89566.0,3205.0,1133,34,2020-06-24
Los Angeles,91524.0,3246.0,1958,41,2020-06-25
Los Angeles,93328.0,3267.0,1804,21,2020-06-26
Los Angeles,95341.0,3285.0,2013,18,2020-06-27
Los Angeles,98003.0,3305.0,2662,20,2020-06-28
Los Angeles,100846.0,3326.0,2843,21,2020-06-29
Los Angeles,103640.0,3369.0,2794,43,2020-06-30
Los Angeles,105291.0,3402.0,1651,33,2020-07-01
Los Angeles,107144.0,3454.0,1853,52,2020-07-02
Los Angeles,109879.0,3454.0,2735,0,2020-07-03
Los Angeles,113086.0,3454.0,3207,0,2020-07-04
Los Angeles,115133.0,3454.0,2047,0,2020-07-05
Los Angeles,116707.0,3534.0,1574,80,2020-07-06
Los Angeles,121026.0,3579.0,4319,45,2020-07-07
Los Angeles,123462.0,3642.0,2436,63,2020-07-08
Los Angeles,125062.0,3689.0,1600,47,2020-07-09
Los Angeles,127503.0,3738.0,2441,49,2020-07-10
Los Angeles,130479.0,3793.0,2976,55,2020-07-11
Los Angeles,133830.0,3809.0,3351,16,2020-07-12
Los Angeles,136368.0,3822.0,2538,13,2020-07-13
Los Angeles,140632.0,3894.0,4264,72,2020-07-14
Los Angeles,143343.0,3932.0,2711,38,2020-07-15
Los Angeles,147759.0,3988.0,4416,56,2020-07-16
Los Angeles,150481.0,4047.0,2722,59,2020-07-17
Los Angeles,153265.0,4084.0,2784,37,2020-07-18
Los Angeles,156039.0,4095.0,2774,11,2020-07-19
Los Angeles,159202.0,4104.0,3163,9,2020-07-20
Los Angeles,162205.0,4154.0,3003,50,2020-07-21
Los Angeles,165242.0,4213.0,3037,59,2020-07-22
Los Angeles,167198.0,4262.0,1956,49,2020-07-23
Los Angeles,169078.0,4300.0,1880,38,2020-07-24
Los Angeles,172611.0,4351.0,3533,51,2020-07-25
Los Angeles,174322.0,4360.0,1711,9,2020-07-26
Los Angeles,176351.0,4375.0,2029,15,2020-07-27
Los Angeles,179107.0,4426.0,2756,51,2020-07-28
Los Angeles,183600.0,4516.0,4493,90,2020-07-29
Los Angeles,186177.0,4552.0,2577,36,2020-07-30
Los Angeles,188688.0,4621.0,2511,69,2020-07-31
Los Angeles,191023.0,4669.0,2335,48,2020-08-01
Los Angeles,192480.0,4692.0,1457,23,2020-08-02
Los Angeles,194103.0,4701.0,1623,9,2020-08-03
Los Angeles,196014.0,4758.0,1911,57,2020-08-04
Los Angeles,198355.0,4825.0,2341,67,2020-08-05
Los Angeles,201372.0,4869.0,3017,44,2020-08-06
Los Angeles,204406.0,4918.0,3034,49,2020-08-07
Los Angeles,206971.0,4967.0,2565,49,2020-08-08
Los Angeles,208810.0,4977.0,1839,10,2020-08-09
Los Angeles,211035.0,4996.0,2225,19,2020-08-10
Los Angeles,212421.0,5057.0,1386,61,2020-08-11
Los Angeles,214542.0,5109.0,2121,52,2020-08-12
Los Angeles,216497.0,5171.0,1955,62,2020-08-13
Los Angeles,219083.0,5214.0,2586,43,2020-08-14
Los Angeles,221043.0,5245.0,1960,31,2020-08-15
Los Angeles,222236.0,5254.0,1193,9,2020-08-16
Los Angeles,223418.0,5273.0,1182,19,2020-08-17
Los Angeles,224218.0,5335.0,800,62,2020-08-18
Los Angeles,226006.0,5392.0,1788,57,2020-08-19
Los Angeles,227492.0,5446.0,1486,54,2020-08-20
Los Angeles,229235.0,5491.0,1743,45,2020-08-21
Los Angeles,230858.0,5537.0,1623,46,2020-08-22
Los Angeles,231833.0,5545.0,975,8,2020-08-23
Los Angeles,233036.0,5558.0,1203,13,2020-08-24
Los Angeles,233961.0,5605.0,925,47,2020-08-25
Los Angeles,235499.0,5663.0,1538,58,2020-08-26
Los Angeles,237103.0,5701.0,1604,38,2020-08-27
Los Angeles,238544.0,5732.0,1441,31,2020-08-28
Los Angeles,239815.0,5759.0,1271,27,2020-08-29
Los Angeles,240775.0,5769.0,960,10,2020-08-30
Los Angeles,241793.0,5784.0,1018,15,2020-08-31
Los Angeles,242633.0,5829.0,840,45,2020-09-01
Los Angeles,243999.0,5878.0,1366,49,2020-09-02
Los Angeles,245026.0,5932.0,1027,54,2020-09-03
Los Angeles,246396.0,5977.0,1370,45,2020-09-04
Los Angeles,247572.0,6000.0,1176,23,2020-09-05
Los Angeles,248316.0,6005.0,744,5,2020-09-06
Los Angeles,248804.0,6030.0,488,25,2020-09-07
Los Angeles,249217.0,6036.0,413,6,2020-09-08
Los Angeles,249876.0,6090.0,659,54,2020-09-09
Los Angeles,251003.0,6128.0,1127,38,2020-09-10
Los Angeles,252057.0,6171.0,1054,43,2020-09-11
Los Angeles,253156.0,6197.0,1099,26,2020-09-12
Los Angeles,253950.0,6208.0,794,11,2020-09-13
Los Angeles,254622.0,6231.0,672,23,2020-09-14
Los Angeles,255048.0,6273.0,426,42,2020-09-15
Los Angeles,256101.0,6303.0,1053,30,2020-09-16
Los Angeles,257246.0,6324.0,1145,21,2020-09-17
Los Angeles,258488.0,6330.0,1242,6,2020-09-18
Los Angeles,259801.0,6330.0,1313,0,2020-09-19
Los Angeles,260770.0,6353.0,969,23,2020-09-20
Los Angeles,261418.0,6366.0,648,13,2020-09-21
Los Angeles,262117.0,6401.0,699,35,2020-09-22
Los Angeles,263318.0,6423.0,1201,22,2020-09-23
Los Angeles,264374.0,6455.0,1056,32,2020-09-24
Los Angeles,265713.0,6488.0,1339,33,2020-09-25
Los Angeles,266931.0,6504.0,1218,16,2020-09-26
Los Angeles,267754.0,6514.0,823,10,2020-09-27
Los Angeles,268404.0,6515.0,650,1,2020-09-28
Los Angeles,269246.0,6551.0,842,36,2020-09-29
Los Angeles,270260.0,6576.0,1014,25,2020-09-30
Los Angeles,271513.0,6610.0,1253,34,2020-10-01
Los Angeles,270935.0,6626.0,-578,16,2020-10-02
Los Angeles,271869.0,6642.0,934,16,2020-10-03
Los Angeles,272822.0,6647.0,953,5,2020-10-04
Los Angeles,273200.0,6654.0,378,7,2020-10-05
Los Angeles,274115.0,6681.0,915,27,2020-10-06
Los Angeles,275559.0,6709.0,1444,28,2020-10-07
Los Angeles,276763.0,6726.0,1204,17,2020-10-08
Los Angeles,278039.0,6741.0,1276,15,2020-10-09
Los Angeles,279213.0,6768.0,1174,27,2020-10-10
Los Angeles,280190.0,6771.0,977,3,2020-10-11
Los Angeles,280961.0,6773.0,771,2,2020-10-12
Los Angeles,281716.0,6773.0,755,0,2020-10-13
Los Angeles,282918.0,6812.0,1202,39,2020-10-14
Los Angeles,284019.0,6834.0,1101,22,2020-10-15
Los Angeles,284988.0,6855.0,969,21,2020-10-16
Los Angeles,285858.0,6863.0,870,8,2020-10-17
Los Angeles,286187.0,6876.0,329,13,2020-10-18
Los Angeles,287119.0,6877.0,932,1,2020-10-19
Los Angeles,287727.0,6877.0,608,0,2020-10-20
Los Angeles,288096.0,6944.0,369,67,2020-10-21
Los Angeles,291599.0,6956.0,3503,12,2020-10-22
Los Angeles,294287.0,6974.0,2688,18,2020-10-23
Los Angeles,296323.0,6989.0,2036,15,2020-10-24
Los Angeles,297110.0,6993.0,787,4,2020-10-25
Los Angeles,297961.0,7000.0,851,7,2020-10-26
Los Angeles,299438.0,7027.0,1477,27,2020-10-27
Los Angeles,300726.0,7040.0,1288,13,2020-10-28
Los Angeles,302246.0,7044.0,1520,4,2020-10-29
Los Angeles,303425.0,7056.0,1179,12,2020-10-30
Los Angeles,304704.0,7071.0,1279,15,2020-10-31
Los Angeles,306217.0,7074.0,1513,3,2020-11-01
Los Angeles,307620.0,7076.0,1403,2,2020-11-02
Los Angeles,308812.0,7097.0,1192,21,2020-11-03
Los Angeles,310456.0,7117.0,1644,20,2020-11-04
Los Angeles,312381.0,7140.0,1925,23,2020-11-05
Los Angeles,314356.0,7157.0,1975,17,2020-11-06
Los Angeles,316665.0,7170.0,2309,13,2020-11-07
Los Angeles,318960.0,7172.0,2295,2,2020-11-08
Los Angeles,320370.0,7177.0,1410,5,2020-11-09
Los Angeles,322569.0,7200.0,2199,23,2020-11-10
Los Angeles,324567.0,7216.0,1998,16,2020-11-11
Los Angeles,327001.0,7221.0,2434,5,2020-11-12
Los Angeles,329364.0,7246.0,2363,25,2020-11-13
Los Angeles,333021.0,7266.0,3657,20,2020-11-14
Los Angeles,336035.0,7269.0,3014,3,2020-11-15
Los Angeles,338778.0,7275.0,2743,6,2020-11-16
Los Angeles,340933.0,7299.0,2155,24,2020-11-17
Los Angeles,344675.0,7335.0,3742,36,2020-11-18
Los Angeles,349493.0,7363.0,4818,28,2020-11-19
Los Angeles,353554.0,7396.0,4061,33,2020-11-20
Los Angeles,357754.0,7396.0,4200,0,2020-11-21
Los Angeles,360341.0,7438.0,2587,42,2020-11-22
Los Angeles,366374.0,7446.0,6033,8,2020-11-23
Los Angeles,370008.0,7497.0,3634,51,2020-11-24
Los Angeles,373919.0,7543.0,3911,46,2020-11-25
Los Angeles,378340.0,7580.0,4421,37,2020-11-26
Los Angeles,382740.0,7604.0,4400,24,2020-11-27
Los Angeles,386194.0,7623.0,3454,19,2020-11-28
Los Angeles,391162.0,7639.0,4968,16,2020-11-29
Los Angeles,396202.0,7655.0,5040,16,2020-11-30
Los Angeles,403264.0,7700.0,7062,45,2020-12-01
Los Angeles,408289.0,7740.0,5025,40,2020-12-02
Los Angeles,415805.0,7782.0,7516,42,2020-12-03
Los Angeles,424164.0,7842.0,8359,60,2020-12-04
Los Angeles,433120.0,7886.0,8956,44,2020-12-05
Los Angeles,443230.0,7909.0,10110,23,2020-12-06
Los Angeles,451052.0,7936.0,7822,27,2020-12-07
Los Angeles,459738.0,8000.0,8686,64,2020-12-08
Los Angeles,467971.0,8075.0,8233,75,2020-12-09
Los Angeles,480354.0,8149.0,12383,74,2020-12-10
Los Angeles,493592.0,8199.0,13238,50,2020-12-11
Los Angeles,504317.0,8269.0,10725,70,2020-12-12
Los Angeles,517472.0,8298.0,13155,29,2020-12-13
Los Angeles,524668.0,8345.0,7196,47,2020-12-14
Sacramento,46.0,3.0,46,3,2020-03-18
Sacramento,52.0,3.0,6,0,2020-03-19
Sacramento,56.0,4.0,4,1,2020-03-20
Sacramento,66.0,3.0,10,-1,2020-03-21
Sacramento,82.0,4.0,16,1,2020-03-22
Sacramento,87.0,4.0,5,0,2020-03-23
Sacramento,92.0,4.0,5,0,2020-03-24
Sacramento,113.0,5.0,21,1,2020-03-25
Sacramento,146.0,5.0,33,0,2020-03-26
Sacramento,163.0,6.0,17,1,2020-03-27
Sacramento,203.0,7.0,40,1,2020-03-28
Sacramento,217.0,7.0,14,0,2020-03-29
Sacramento,238.0,8.0,21,1,2020-03-30
Sacramento,271.0,8.0,33,0,2020-03-31
Sacramento,299.0,8.0,28,0,2020-04-01
Sacramento,322.0,9.0,23,1,2020-04-02
Sacramento,363.0,11.0,41,2,2020-04-03
Sacramento,393.0,11.0,30,0,2020-04-04
Sacramento,393.0,11.0,0,0,2020-04-05
Sacramento,448.0,15.0,55,4,2020-04-06
Sacramento,513.0,18.0,65,3,2020-04-07
Sacramento,565.0,21.0,52,3,2020-04-08
Sacramento,601.0,21.0,36,0,2020-04-09
Sacramento,642.0,24.0,41,3,2020-04-10
Sacramento,685.0,25.0,43,1,2020-04-11
Sacramento,689.0,25.0,4,0,2020-04-12
Sacramento,724.0,27.0,35,2,2020-04-13
Sacramento,737.0,28.0,13,1,2020-04-14
Sacramento,839.0,28.0,102,0,2020-04-15
Sacramento,865.0,32.0,26,4,2020-04-16
Sacramento,882.0,32.0,17,0,2020-04-17
Sacramento,901.0,33.0,19,1,2020-04-18
Sacramento,912.0,34.0,11,1,2020-04-19
Sacramento,924.0,34.0,12,0,2020-04-20
Sacramento,941.0,35.0,17,1,2020-04-21
Sacramento,959.0,36.0,18,1,2020-04-22
Sacramento,978.0,41.0,19,5,2020-04-23
Sacramento,1009.0,41.0,31,0,2020-04-24
Sacramento,1015.0,41.0,6,0,2020-04-25
Sacramento,1027.0,41.0,12,0,2020-04-26
Sacramento,1035.0,41.0,8,0,2020-04-27
Sacramento,1044.0,41.0,9,0,2020-04-28
Sacramento,1055.0,42.0,11,1,2020-04-29
Sacramento,1071.0,43.0,16,1,2020-04-30
Sacramento,1081.0,43.0,10,0,2020-05-01
Sacramento,1097.0,43.0,16,0,2020-05-02
Sacramento,1109.0,43.0,12,0,2020-05-03
Sacramento,1119.0,47.0,10,4,2020-05-04
Sacramento,1125.0,47.0,6,0,2020-05-05
Sacramento,1135.0,48.0,10,1,2020-05-06
Sacramento,1139.0,49.0,4,1,2020-05-07
Sacramento,1145.0,51.0,6,2,2020-05-08
Sacramento,1150.0,52.0,5,1,2020-05-09
Sacramento,1152.0,52.0,2,0,2020-05-10
Sacramento,1160.0,52.0,8,0,2020-05-11
Sacramento,1166.0,52.0,6,0,2020-05-12
Sacramento,1173.0,52.0,7,0,2020-05-13
Sacramento,1181.0,54.0,8,2,2020-05-14
Sacramento,1203.0,55.0,22,1,2020-05-15
Sacramento,1209.0,55.0,6,0,2020-05-16
Sacramento,1224.0,55.0,15,0,2020-05-17
Sacramento,1233.0,56.0,9,1,2020-05-18
Sacramento,1239.0,57.0,6,1,2020-05-19
Sacramento,1244.0,57.0,5,0,2020-05-20
Sacramento,1258.0,57.0,14,0,2020-05-21
Sacramento,1262.0,57.0,4,0,2020-05-22
Sacramento,1275.0,57.0,13,0,2020-05-23
Sacramento,1283.0,57.0,8,0,2020-05-24
Sacramento,1290.0,57.0,7,0,2020-05-25
Sacramento,1298.0,57.0,8,0,2020-05-26
Sacramento,1318.0,57.0,20,0,2020-05-27
Sacramento,1339.0,57.0,21,0,2020-05-28
Sacramento,1360.0,57.0,21,0,2020-05-29
Sacramento,1384.0,57.0,24,0,2020-05-30
Sacramento,1398.0,57.0,14,0,2020-05-31
Sacramento,1415.0,58.0,17,1,2020-06-01
Sacramento,1428.0,58.0,13,0,2020-06-02
Sacramento,1457.0,58.0,29,0,2020-06-03
Sacramento,1492.0,58.0,35,0,2020-06-04
Sacramento,1514.0,59.0,22,1,2020-06-05
Sacramento,1533.0,59.0,19,0,2020-06-06
Sacramento,1568.0,59.0,35,0,2020-06-07
Sacramento,1591.0,61.0,23,2,2020-06-08
Sacramento,1625.0,61.0,34,0,2020-06-09
Sacramento,1643.0,62.0,18,1,2020-06-10
Sacramento,1669.0,63.0,26,1,2020-06-11
Sacramento,1702.0,63.0,33,0,2020-06-12
Sacramento,1713.0,63.0,11,0,2020-06-13
Sacramento,1750.0,63.0,37,0,2020-06-14
Sacramento,1791.0,63.0,41,0,2020-06-15
Sacramento,1825.0,63.0,34,0,2020-06-16
Sacramento,1889.0,67.0,64,4,2020-06-17
Sacramento,1938.0,67.0,49,0,2020-06-18
Sacramento,1976.0,67.0,38,0,2020-06-19
Sacramento,2069.0,67.0,93,0,2020-06-20
Sacramento,2156.0,67.0,87,0,2020-06-21
Sacramento,2243.0,66.0,87,-1,2020-06-22
Sacramento,2374.0,66.0,131,0,2020-06-23
Sacramento,2446.0,66.0,72,0,2020-06-24
Sacramento,2532.0,66.0,86,0,2020-06-25
Sacramento,2709.0,66.0,177,0,2020-06-26
Sacramento,2762.0,66.0,53,0,2020-06-27
Sacramento,2905.0,66.0,143,0,2020-06-28
Sacramento,3202.0,68.0,297,2,2020-06-29
Sacramento,3362.0,68.0,160,0,2020-06-30
Sacramento,3424.0,68.0,62,0,2020-07-01
Sacramento,3587.0,69.0,163,1,2020-07-02
Sacramento,3711.0,69.0,124,0,2020-07-03
Sacramento,4039.0,69.0,328,0,2020-07-04
Sacramento,4265.0,69.0,226,0,2020-07-05
Sacramento,4420.0,74.0,155,5,2020-07-06
Sacramento,4592.0,76.0,172,2,2020-07-07
Sacramento,4799.0,78.0,207,2,2020-07-08
Sacramento,4950.0,78.0,151,0,2020-07-09
Sacramento,5181.0,79.0,231,1,2020-07-10
Sacramento,5367.0,79.0,186,0,2020-07-11
Sacramento,5515.0,79.0,148,0,2020-07-12
Sacramento,5747.0,83.0,232,4,2020-07-13
Sacramento,5978.0,91.0,231,8,2020-07-14
Sacramento,6217.0,92.0,239,1,2020-07-15
Sacramento,6440.0,94.0,223,2,2020-07-16
Sacramento,6563.0,95.0,123,1,2020-07-17
Sacramento,6739.0,95.0,176,0,2020-07-18
Sacramento,6985.0,95.0,246,0,2020-07-19
Sacramento,7369.0,96.0,384,1,2020-07-20
Sacramento,7789.0,96.0,420,0,2020-07-21
Sacramento,8028.0,96.0,239,0,2020-07-22
Sacramento,8222.0,98.0,194,2,2020-07-23
Sacramento,8570.0,103.0,348,5,2020-07-24
Sacramento,8674.0,103.0,104,0,2020-07-25
Sacramento,8972.0,103.0,298,0,2020-07-26
Sacramento,9091.0,114.0,119,11,2020-07-27
Sacramento,9429.0,121.0,338,7,2020-07-28
Sacramento,9538.0,126.0,109,5,2020-07-29
Sacramento,9704.0,127.0,166,1,2020-07-30
Sacramento,9872.0,133.0,168,6,2020-07-31
Sacramento,10044.0,133.0,172,0,2020-08-01
Sacramento,10099.0,133.0,55,0,2020-08-02
Sacramento,10143.0,145.0,44,12,2020-08-03
Sacramento,10205.0,148.0,62,3,2020-08-04
Sacramento,10261.0,153.0,56,5,2020-08-05
Sacramento,10548.0,155.0,287,2,2020-08-06
Sacramento,10798.0,155.0,250,0,2020-08-07
Sacramento,11144.0,155.0,346,0,2020-08-08
Sacramento,11301.0,155.0,157,0,2020-08-09
Sacramento,12059.0,177.0,758,22,2020-08-10
Sacramento,12298.0,179.0,239,2,2020-08-11
Sacramento,12528.0,186.0,230,7,2020-08-12
Sacramento,13237.0,194.0,709,8,2020-08-13
Sacramento,13645.0,199.0,408,5,2020-08-14
Sacramento,14018.0,199.0,373,0,2020-08-15
Sacramento,14210.0,199.0,192,0,2020-08-16
Sacramento,14333.0,218.0,123,19,2020-08-17
Sacramento,14610.0,219.0,277,1,2020-08-18
Sacramento,14764.0,230.0,154,11,2020-08-19
Sacramento,14992.0,230.0,228,0,2020-08-20
Sacramento,15247.0,234.0,255,4,2020-08-21
Sacramento,15516.0,234.0,269,0,2020-08-22
Sacramento,16084.0,234.0,568,0,2020-08-23
Sacramento,16318.0,246.0,234,12,2020-08-24
Sacramento,16601.0,252.0,283,6,2020-08-25
Sacramento,16708.0,259.0,107,7,2020-08-26
Sacramento,16875.0,265.0,167,6,2020-08-27
Sacramento,17119.0,274.0,244,9,2020-08-28
Sacramento,17588.0,274.0,469,0,2020-08-29
Sacramento,17751.0,274.0,163,0,2020-08-30
Sacramento,17999.0,293.0,248,19,2020-08-31
Sacramento,18217.0,293.0,218,0,2020-09-01
Sacramento,18355.0,304.0,138,11,2020-09-02
Sacramento,18553.0,317.0,198,13,2020-09-03
Sacramento,18765.0,327.0,212,10,2020-09-04
Sacramento,18955.0,327.0,190,0,2020-09-05
Sacramento,19128.0,327.0,173,0,2020-09-06
Sacramento,19292.0,327.0,164,0,2020-09-07
Sacramento,19411.0,334.0,119,7,2020-09-08
Sacramento,19474.0,339.0,63,5,2020-09-09
Sacramento,19618.0,346.0,144,7,2020-09-10
Sacramento,20012.0,346.0,394,0,2020-09-11
Sacramento,20184.0,346.0,172,0,2020-09-12
Sacramento,20279.0,350.0,95,4,2020-09-13
Sacramento,20377.0,356.0,98,6,2020-09-14
Sacramento,20487.0,358.0,110,2,2020-09-15
Sacramento,20610.0,364.0,123,6,2020-09-16
Sacramento,20895.0,371.0,285,7,2020-09-17
Sacramento,21105.0,375.0,210,4,2020-09-18
Sacramento,21297.0,375.0,192,0,2020-09-19
Sacramento,21394.0,375.0,97,0,2020-09-20
Sacramento,21568.0,383.0,174,8,2020-09-21
Sacramento,21745.0,393.0,177,10,2020-09-22
Sacramento,21821.0,399.0,76,6,2020-09-23
Sacramento,21985.0,399.0,164,0,2020-09-24
Sacramento,22132.0,406.0,147,7,2020-09-25
Sacramento,22269.0,406.0,137,0,2020-09-26
Sacramento,22356.0,406.0,87,0,2020-09-27
Sacramento,22392.0,412.0,36,6,2020-09-28
Sacramento,22547.0,416.0,155,4,2020-09-29
Sacramento,22613.0,416.0,66,0,2020-09-30
Sacramento,22714.0,426.0,101,10,2020-10-01
Sacramento,22818.0,430.0,104,4,2020-10-02
Sacramento,23076.0,430.0,258,0,2020-10-03
Sacramento,23162.0,430.0,86,0,2020-10-04
Sacramento,23207.0,432.0,45,2,2020-10-05
Sacramento,23322.0,437.0,115,5,2020-10-06
Sacramento,23380.0,445.0,58,8,2020-10-07
Sacramento,23482.0,447.0,102,2,2020-10-08
Sacramento,23606.0,450.0,124,3,2020-10-09
Sacramento,23689.0,450.0,83,0,2020-10-10
Sacramento,23778.0,450.0,89,0,2020-10-11
Sacramento,23807.0,450.0,29,0,2020-10-12
Sacramento,23930.0,458.0,123,8,2020-10-13
Sacramento,24013.0,462.0,83,4,2020-10-14
Sacramento,24068.0,464.0,55,2,2020-10-15
Sacramento,24144.0,468.0,76,4,2020-10-16
Sacramento,24304.0,468.0,160,0,2020-10-17
Sacramento,24425.0,468.0,121,0,2020-10-18
Sacramento,24542.0,471.0,117,3,2020-10-19
Sacramento,24767.0,474.0,225,3,2020-10-20
Sacramento,24908.0,480.0,141,6,2020-10-21
Sacramento,25054.0,482.0,146,2,2020-10-22
Sacramento,25224.0,484.0,170,2,2020-10-23
Sacramento,25372.0,484.0,148,0,2020-10-24
Sacramento,25445.0,484.0,73,0,2020-10-25
Sacramento,25555.0,491.0,110,7,2020-10-26
Sacramento,25701.0,496.0,146,5,2020-10-27
Sacramento,25838.0,499.0,137,3,2020-10-28
Sacramento,25978.0,500.0,140,1,2020-10-29
Sacramento,26147.0,500.0,169,0,2020-10-30
Sacramento,26316.0,500.0,169,0,2020-10-31
Sacramento,26442.0,500.0,126,0,2020-11-01
Sacramento,26676.0,500.0,234,0,2020-11-02
Sacramento,26841.0,504.0,165,4,2020-11-03
Sacramento,27005.0,506.0,164,2,2020-11-04
Sacramento,27232.0,506.0,227,0,2020-11-05
Sacramento,27489.0,508.0,257,2,2020-11-06
Sacramento,27773.0,508.0,284,0,2020-11-07
Sacramento,28059.0,508.0,286,0,2020-11-08
Sacramento,28200.0,513.0,141,5,2020-11-09
Sacramento,28677.0,514.0,477,1,2020-11-10
Sacramento,28968.0,514.0,291,0,2020-11-11
Sacramento,29459.0,517.0,491,3,2020-11-12
Sacramento,29787.0,517.0,328,0,2020-11-13
Sacramento,30298.0,520.0,511,3,2020-11-14
Sacramento,30601.0,520.0,303,0,2020-11-15
Sacramento,30954.0,527.0,353,7,2020-11-16
Sacramento,31341.0,533.0,387,6,2020-11-17
Sacramento,31816.0,536.0,475,3,2020-11-18
Sacramento,32367.0,544.0,551,8,2020-11-19
Sacramento,32832.0,546.0,465,2,2020-11-20
Sacramento,33133.0,546.0,301,0,2020-11-21
Sacramento,33421.0,546.0,288,0,2020-11-22
Sacramento,34141.0,550.0,720,4,2020-11-23
Sacramento,35097.0,557.0,956,7,2020-11-24
Sacramento,35687.0,566.0,590,9,2020-11-25
Sacramento,35854.0,566.0,167,0,2020-11-26
Sacramento,36579.0,566.0,725,0,2020-11-27
Sacramento,36905.0,566.0,326,0,2020-11-28
Sacramento,37415.0,566.0,510,0,2020-11-29
Sacramento,37834.0,581.0,419,15,2020-11-30
Sacramento,38966.0,586.0,1132,5,2020-12-01
Sacramento,39334.0,591.0,368,5,2020-12-02
Sacramento,40280.0,603.0,946,12,2020-12-03
Sacramento,41061.0,614.0,781,11,2020-12-04
Sacramento,41878.0,614.0,817,0,2020-12-05
Sacramento,42808.0,614.0,930,0,2020-12-06
Sacramento,43419.0,620.0,611,6,2020-12-07
Sacramento,44635.0,635.0,1216,15,2020-12-08
Sacramento,45284.0,646.0,649,11,2020-12-09
Sacramento,46471.0,659.0,1187,13,2020-12-10
Sacramento,47468.0,670.0,997,11,2020-12-11
Sacramento,48319.0,670.0,851,0,2020-12-12
Sacramento,49480.0,670.0,1161,0,2020-12-13
Sacramento,50304.0,689.0,824,19,2020-12-14
Merced,0.0,0.0,0,0,2020-03-18
Merced,0.0,0.0,0,0,2020-03-19
Merced,0.0,0.0,0,0,2020-03-20
Merced,0.0,0.0,0,0,2020-03-21
Merced,0.0,0.0,0,0,2020-03-22
Merced,0.0,0.0,0,0,2020-03-23
Merced,0.0,0.0,0,0,2020-03-24
Merced,0.0,0.0,0,0,2020-03-25
Merced,1.0,0.0,1,0,2020-03-26
Merced,3.0,0.0,2,0,2020-03-27
Merced,4.0,0.0,1,0,2020-03-28
Merced,4.0,0.0,0,0,2020-03-29
Merced,6.0,0.0,2,0,2020-03-30
Merced,6.0,0.0,0,0,2020-03-31
Merced,7.0,0.0,1,0,2020-04-01
Merced,9.0,0.0,2,0,2020-04-02
Merced,9.0,0.0,0,0,2020-04-03
Merced,11.0,0.0,2,0,2020-04-04
Merced,16.0,0.0,5,0,2020-04-05
Merced,25.0,1.0,9,1,2020-04-06
Merced,27.0,1.0,2,0,2020-04-07
Merced,35.0,1.0,8,0,2020-04-08
Merced,41.0,3.0,6,2,2020-04-09
Merced,56.0,3.0,15,0,2020-04-10
Merced,59.0,3.0,3,0,2020-04-11
Merced,58.0,3.0,-1,0,2020-04-12
Merced,60.0,3.0,2,0,2020-04-13
Merced,61.0,3.0,1,0,2020-04-14
Merced,74.0,3.0,13,0,2020-04-15
Merced,76.0,3.0,2,0,2020-04-16
Merced,80.0,3.0,4,0,2020-04-17
Merced,82.0,3.0,2,0,2020-04-18
Merced,85.0,3.0,3,0,2020-04-19
Merced,88.0,3.0,3,0,2020-04-20
Merced,89.0,3.0,1,0,2020-04-21
Merced,92.0,3.0,3,0,2020-04-22
Merced,98.0,3.0,6,0,2020-04-23
Merced,102.0,3.0,4,0,2020-04-24
Merced,103.0,3.0,1,0,2020-04-25
Merced,104.0,3.0,1,0,2020-04-26
Merced,108.0,3.0,4,0,2020-04-27
Merced,108.0,3.0,0,0,2020-04-28
Merced,116.0,3.0,8,0,2020-04-29
Merced,122.0,3.0,6,0,2020-04-30
Merced,131.0,3.0,9,0,2020-05-01
Merced,131.0,3.0,0,0,2020-05-02
Merced,134.0,3.0,3,0,2020-05-03
Merced,138.0,3.0,4,0,2020-05-04
Merced,141.0,3.0,3,0,2020-05-05
Merced,140.0,3.0,-1,0,2020-05-06
Merced,146.0,3.0,6,0,2020-05-07
Merced,151.0,3.0,5,0,2020-05-08
Merced,153.0,3.0,2,0,2020-05-09
Merced,154.0,3.0,1,0,2020-05-10
Merced,158.0,3.0,4,0,2020-05-11
Merced,175.0,4.0,17,1,2020-05-12
Merced,176.0,4.0,1,0,2020-05-13
Merced,182.0,4.0,6,0,2020-05-14
Merced,191.0,6.0,9,2,2020-05-15
Merced,201.0,6.0,10,0,2020-05-16
Merced,214.0,6.0,13,0,2020-05-17
Merced,217.0,6.0,3,0,2020-05-18
Merced,222.0,6.0,5,0,2020-05-19
Merced,225.0,6.0,3,0,2020-05-20
Merced,226.0,6.0,1,0,2020-05-21
Merced,233.0,6.0,7,0,2020-05-22
Merced,247.0,6.0,14,0,2020-05-23
Merced,258.0,6.0,11,0,2020-05-24
Merced,262.0,6.0,4,0,2020-05-25
Merced,266.0,7.0,4,1,2020-05-26
Merced,278.0,7.0,12,0,2020-05-27
Merced,283.0,7.0,5,0,2020-05-28
Merced,285.0,7.0,2,0,2020-05-29
Merced,285.0,7.0,0,0,2020-05-30
Merced,288.0,7.0,3,0,2020-05-31
Merced,289.0,7.0,1,0,2020-06-01
Merced,297.0,7.0,8,0,2020-06-02
Merced,299.0,7.0,2,0,2020-06-03
Merced,304.0,7.0,5,0,2020-06-04
Merced,309.0,7.0,5,0,2020-06-05
Merced,315.0,7.0,6,0,2020-06-06
Merced,318.0,7.0,3,0,2020-06-07
Merced,331.0,7.0,13,0,2020-06-08
Merced,349.0,7.0,18,0,2020-06-09
Merced,370.0,7.0,21,0,2020-06-10
Merced,370.0,7.0,0,0,2020-06-11
Merced,372.0,7.0,2,0,2020-06-12
Merced,376.0,7.0,4,0,2020-06-13
Merced,403.0,7.0,27,0,2020-06-14
Merced,414.0,7.0,11,0,2020-06-15
Merced,436.0,7.0,22,0,2020-06-16
Merced,460.0,8.0,24,1,2020-06-17
Merced,486.0,8.0,26,0,2020-06-18
Merced,529.0,8.0,43,0,2020-06-19
Merced,566.0,8.0,37,0,2020-06-20
Merced,577.0,8.0,11,0,2020-06-21
Merced,619.0,9.0,42,1,2020-06-22
Merced,656.0,9.0,37,0,2020-06-23
Merced,696.0,10.0,40,1,2020-06-24
Merced,754.0,11.0,58,1,2020-06-25
Merced,808.0,11.0,54,0,2020-06-26
Merced,824.0,11.0,16,0,2020-06-27
Merced,862.0,11.0,38,0,2020-06-28
Merced,949.0,11.0,87,0,2020-06-29
Merced,1023.0,11.0,74,0,2020-06-30
Merced,1057.0,11.0,34,0,2020-07-01
Merced,1122.0,11.0,65,0,2020-07-02
Merced,1188.0,11.0,66,0,2020-07-03
Merced,1252.0,11.0,64,0,2020-07-04
Merced,1340.0,11.0,88,0,2020-07-05
Merced,1396.0,11.0,56,0,2020-07-06
Merced,1531.0,11.0,135,0,2020-07-07
Merced,1578.0,12.0,47,1,2020-07-08
Merced,1728.0,12.0,150,0,2020-07-09
Merced,1802.0,12.0,74,0,2020-07-10
Merced,1851.0,12.0,49,0,2020-07-11
Merced,1908.0,12.0,57,0,2020-07-12
Merced,2007.0,12.0,99,0,2020-07-13
Merced,2084.0,13.0,77,1,2020-07-14
Merced,2156.0,15.0,72,2,2020-07-15
Merced,2228.0,15.0,72,0,2020-07-16
Merced,2328.0,15.0,100,0,2020-07-17
Merced,2424.0,15.0,96,0,2020-07-18
Merced,2460.0,15.0,36,0,2020-07-19
Merced,2584.0,22.0,124,7,2020-07-20
Merced,2725.0,22.0,141,0,2020-07-21
Merced,2828.0,26.0,103,4,2020-07-22
Merced,2972.0,27.0,144,1,2020-07-23
Merced,3100.0,27.0,128,0,2020-07-24
Merced,3176.0,27.0,76,0,2020-07-25
Merced,3251.0,27.0,75,0,2020-07-26
Merced,3292.0,27.0,41,0,2020-07-27
Merced,3446.0,29.0,154,2,2020-07-28
Merced,3605.0,35.0,159,6,2020-07-29
Merced,3695.0,39.0,90,4,2020-07-30
Merced,3789.0,50.0,94,11,2020-07-31
Merced,3972.0,50.0,183,0,2020-08-01
Merced,4011.0,50.0,39,0,2020-08-02
Merced,4028.0,50.0,17,0,2020-08-03
Merced,4085.0,51.0,57,1,2020-08-04
Merced,4119.0,60.0,34,9,2020-08-05
Merced,4235.0,62.0,116,2,2020-08-06
Merced,4358.0,64.0,123,2,2020-08-07
Merced,4570.0,64.0,212,0,2020-08-08
Merced,4735.0,64.0,165,0,2020-08-09
Merced,4913.0,70.0,178,6,2020-08-10
Merced,5322.0,74.0,409,4,2020-08-11
Merced,5777.0,74.0,455,0,2020-08-12
Merced,5945.0,89.0,168,15,2020-08-13
Merced,6466.0,89.0,521,0,2020-08-14
Merced,6656.0,89.0,190,0,2020-08-15
Merced,6744.0,89.0,88,0,2020-08-16
Merced,6814.0,93.0,70,4,2020-08-17
Merced,6940.0,95.0,126,2,2020-08-18
Merced,7082.0,97.0,142,2,2020-08-19
Merced,7173.0,99.0,91,2,2020-08-20
Merced,7357.0,99.0,184,0,2020-08-21
Merced,7493.0,99.0,136,0,2020-08-22
Merced,7574.0,99.0,81,0,2020-08-23
Merced,7605.0,106.0,31,7,2020-08-24
Merced,7693.0,110.0,88,4,2020-08-25
Merced,7720.0,112.0,27,2,2020-08-26
Merced,7765.0,114.0,45,2,2020-08-27
Merced,7803.0,115.0,38,1,2020-08-28
Merced,7867.0,115.0,64,0,2020-08-29
Merced,7960.0,115.0,93,0,2020-08-30
Merced,7991.0,117.0,31,2,2020-08-31
Merced,8046.0,118.0,55,1,2020-09-01
Merced,8097.0,119.0,51,1,2020-09-02
Merced,8136.0,120.0,39,1,2020-09-03
Merced,8214.0,120.0,78,0,2020-09-04
Merced,8297.0,120.0,83,0,2020-09-05
Merced,8327.0,120.0,30,0,2020-09-06
Merced,8381.0,120.0,54,0,2020-09-07
Merced,8381.0,123.0,0,3,2020-09-08
Merced,8441.0,125.0,60,2,2020-09-09
Merced,8461.0,126.0,20,1,2020-09-10
Merced,8489.0,127.0,28,1,2020-09-11
Merced,8533.0,127.0,44,0,2020-09-12
Merced,8575.0,127.0,42,0,2020-09-13
Merced,8593.0,129.0,18,2,2020-09-14
Merced,8633.0,131.0,40,2,2020-09-15
Merced,8646.0,131.0,13,0,2020-09-16
Merced,8671.0,133.0,25,2,2020-09-17
Merced,8691.0,134.0,20,1,2020-09-18
Merced,8717.0,134.0,26,0,2020-09-19
Merced,8745.0,134.0,28,0,2020-09-20
Merced,8749.0,137.0,4,3,2020-09-21
Merced,8769.0,140.0,20,3,2020-09-22
Merced,8785.0,140.0,16,0,2020-09-23
Merced,8813.0,140.0,28,0,2020-09-24
Merced,8830.0,142.0,17,2,2020-09-25
Merced,8841.0,142.0,11,0,2020-09-26
Merced,8853.0,142.0,12,0,2020-09-27
Merced,8869.0,143.0,16,1,2020-09-28
Merced,8892.0,143.0,23,0,2020-09-29
Merced,8926.0,145.0,34,2,2020-09-30
Merced,8942.0,145.0,16,0,2020-10-01
Merced,8961.0,145.0,19,0,2020-10-02
Merced,8986.0,145.0,25,0,2020-10-03
Merced,9006.0,145.0,20,0,2020-10-04
Merced,9021.0,148.0,15,3,2020-10-05
Merced,9034.0,149.0,13,1,2020-10-06
Merced,9045.0,149.0,11,0,2020-10-07
Merced,9069.0,150.0,24,1,2020-10-08
Merced,9095.0,150.0,26,0,2020-10-09
Merced,9105.0,150.0,10,0,2020-10-10
Merced,9124.0,150.0,19,0,2020-10-11
Merced,9141.0,150.0,17,0,2020-10-12
Merced,9181.0,152.0,40,2,2020-10-13
Merced,9201.0,152.0,20,0,2020-10-14
Merced,9213.0,152.0,12,0,2020-10-15
Merced,9246.0,152.0,33,0,2020-10-16
Merced,9275.0,152.0,29,0,2020-10-17
Merced,9292.0,152.0,17,0,2020-10-18
Merced,9305.0,152.0,13,0,2020-10-19
Merced,9323.0,153.0,18,1,2020-10-20
Merced,9319.0,154.0,-4,1,2020-10-21
Merced,9323.0,154.0,4,0,2020-10-22
Merced,9327.0,155.0,4,1,2020-10-23
Merced,9351.0,155.0,24,0,2020-10-24
Merced,9352.0,155.0,1,0,2020-10-25
Merced,9375.0,155.0,23,0,2020-10-26
Merced,9449.0,155.0,74,0,2020-10-27
Merced,9480.0,155.0,31,0,2020-10-28
Merced,9496.0,155.0,16,0,2020-10-29
Merced,9539.0,156.0,43,1,2020-10-30
Merced,9597.0,156.0,58,0,2020-10-31
Merced,9626.0,156.0,29,0,2020-11-01
Merced,9664.0,158.0,38,2,2020-11-02
Merced,9713.0,160.0,49,2,2020-11-03
Merced,9717.0,161.0,4,1,2020-11-04
Merced,9753.0,163.0,36,2,2020-11-05
Merced,9778.0,164.0,25,1,2020-11-06
Merced,9847.0,164.0,69,0,2020-11-07
Merced,9885.0,164.0,38,0,2020-11-08
Merced,9922.0,164.0,37,0,2020-11-09
Merced,9992.0,164.0,70,0,2020-11-10
Merced,10074.0,164.0,82,0,2020-11-11
Merced,10107.0,166.0,33,2,2020-11-12
Merced,10185.0,169.0,78,3,2020-11-13
Merced,10286.0,169.0,101,0,2020-11-14
Merced,10350.0,169.0,64,0,2020-11-15
Merced,10399.0,172.0,49,3,2020-11-16
Merced,10457.0,174.0,58,2,2020-11-17
Merced,10536.0,175.0,79,1,2020-11-18
Merced,10634.0,175.0,98,0,2020-11-19
Merced,10729.0,176.0,95,1,2020-11-20
Merced,10849.0,176.0,120,0,2020-11-21
Merced,10939.0,176.0,90,0,2020-11-22
Merced,11148.0,179.0,209,3,2020-11-23
Merced,11268.0,179.0,120,0,2020-11-24
Merced,11346.0,179.0,78,0,2020-11-25
Merced,11440.0,179.0,94,0,2020-11-26
Merced,11550.0,179.0,110,0,2020-11-27
Merced,11688.0,179.0,138,0,2020-11-28
Merced,11773.0,179.0,85,0,2020-11-29
Merced,11913.0,181.0,140,2,2020-11-30
Merced,12032.0,182.0,119,1,2020-12-01
Merced,12168.0,185.0,136,3,2020-12-02
Merced,12310.0,186.0,142,1,2020-12-03
Merced,12474.0,191.0,164,5,2020-12-04
Merced,12747.0,191.0,273,0,2020-12-05
Merced,12928.0,191.0,181,0,2020-12-06
Merced,13250.0,194.0,322,3,2020-12-07
Merced,13380.0,198.0,130,4,2020-12-08
Merced,13588.0,201.0,208,3,2020-12-09
Merced,13756.0,202.0,168,1,2020-12-10
Merced,14038.0,207.0,282,5,2020-12-11
Merced,14181.0,207.0,143,0,2020-12-12
Merced,14384.0,207.0,203,0,2020-12-13
Merced,14572.0,207.0,188,0,2020-12-14
Kings,0.0,0.0,0,0,2020-03-18
Kings,0.0,0.0,0,0,2020-03-19
Kings,0.0,0.0,0,0,2020-03-20
Kings,0.0,0.0,0,0,2020-03-21
Kings,0.0,0.0,0,0,2020-03-22
Kings,0.0,0.0,0,0,2020-03-23
Kings,0.0,0.0,0,0,2020-03-24
Kings,0.0,0.0,0,0,2020-03-25
Kings,0.0,0.0,0,0,2020-03-26
Kings,0.0,0.0,0,0,2020-03-27
Kings,1.0,0.0,1,0,2020-03-28
Kings,1.0,0.0,0,0,2020-03-29
Kings,1.0,0.0,0,0,2020-03-30
Kings,2.0,0.0,1,0,2020-03-31
Kings,3.0,0.0,1,0,2020-04-01
Kings,3.0,0.0,0,0,2020-04-02
Kings,3.0,0.0,0,0,2020-04-03
Kings,3.0,0.0,0,0,2020-04-04
Kings,4.0,0.0,1,0,2020-04-05
Kings,3.0,0.0,-1,0,2020-04-06
Kings,5.0,0.0,2,0,2020-04-07
Kings,5.0,0.0,0,0,2020-04-08
Kings,5.0,0.0,0,0,2020-04-09
Kings,7.0,0.0,2,0,2020-04-10
Kings,9.0,0.0,2,0,2020-04-11
Kings,9.0,0.0,0,0,2020-04-12
Kings,10.0,0.0,1,0,2020-04-13
Kings,12.0,0.0,2,0,2020-04-14
Kings,12.0,1.0,0,1,2020-04-15
Kings,12.0,1.0,0,0,2020-04-16
Kings,15.0,1.0,3,0,2020-04-17
Kings,17.0,1.0,2,0,2020-04-18
Kings,17.0,1.0,0,0,2020-04-19
Kings,19.0,1.0,2,0,2020-04-20
Kings,28.0,1.0,9,0,2020-04-21
Kings,28.0,1.0,0,0,2020-04-22
Kings,28.0,1.0,0,0,2020-04-23
Kings,30.0,1.0,2,0,2020-04-24
Kings,33.0,1.0,3,0,2020-04-25
Kings,33.0,1.0,0,0,2020-04-26
Kings,48.0,1.0,15,0,2020-04-27
Kings,57.0,1.0,9,0,2020-04-28
Kings,80.0,1.0,23,0,2020-04-29
Kings,87.0,1.0,7,0,2020-04-30
Kings,112.0,1.0,25,0,2020-05-01
Kings,120.0,1.0,8,0,2020-05-02
Kings,137.0,1.0,17,0,2020-05-03
Kings,153.0,1.0,16,0,2020-05-04
Kings,187.0,1.0,34,0,2020-05-05
Kings,208.0,1.0,21,0,2020-05-06
Kings,219.0,1.0,11,0,2020-05-07
Kings,236.0,1.0,17,0,2020-05-08
Kings,264.0,1.0,28,0,2020-05-09
Kings,266.0,1.0,2,0,2020-05-10
Kings,289.0,1.0,23,0,2020-05-11
Kings,302.0,1.0,13,0,2020-05-12
Kings,314.0,1.0,12,0,2020-05-13
Kings,342.0,1.0,28,0,2020-05-14
Kings,347.0,1.0,5,0,2020-05-15
Kings,356.0,2.0,9,1,2020-05-16
Kings,356.0,2.0,0,0,2020-05-17
Kings,381.0,2.0,25,0,2020-05-18
Kings,393.0,2.0,12,0,2020-05-19
Kings,403.0,2.0,10,0,2020-05-20
Kings,417.0,2.0,14,0,2020-05-21
Kings,428.0,2.0,11,0,2020-05-22
Kings,444.0,2.0,16,0,2020-05-23
Kings,446.0,2.0,2,0,2020-05-24
Kings,447.0,2.0,1,0,2020-05-25
Kings,449.0,2.0,2,0,2020-05-26
Kings,586.0,3.0,137,1,2020-05-27
Kings,626.0,3.0,40,0,2020-05-28
Kings,693.0,3.0,67,0,2020-05-29
Kings,703.0,3.0,10,0,2020-05-30
Kings,703.0,5.0,0,2,2020-05-31
Kings,703.0,5.0,0,0,2020-06-01
Kings,720.0,5.0,17,0,2020-06-02
Kings,744.0,6.0,24,1,2020-06-03
Kings,842.0,6.0,98,0,2020-06-04
Kings,865.0,6.0,23,0,2020-06-05
Kings,882.0,6.0,17,0,2020-06-06
Kings,882.0,6.0,0,0,2020-06-07
Kings,892.0,6.0,10,0,2020-06-08
Kings,934.0,6.0,42,0,2020-06-09
Kings,952.0,6.0,18,0,2020-06-10
Kings,963.0,6.0,11,0,2020-06-11
Kings,987.0,6.0,24,0,2020-06-12
Kings,1023.0,6.0,36,0,2020-06-13
Kings,1022.0,6.0,-1,0,2020-06-14
Kings,1022.0,6.0,0,0,2020-06-15
Kings,1044.0,8.0,22,2,2020-06-16
Kings,1097.0,9.0,53,1,2020-06-17
Kings,1141.0,10.0,44,1,2020-06-18
Kings,1285.0,10.0,144,0,2020-06-19
Kings,1331.0,12.0,46,2,2020-06-20
Kings,1334.0,14.0,3,2,2020-06-21
Kings,1513.0,18.0,179,4,2020-06-22
Kings,1727.0,18.0,214,0,2020-06-23
Kings,2063.0,20.0,336,2,2020-06-24
Kings,2113.0,21.0,50,1,2020-06-25
Kings,2180.0,21.0,67,0,2020-06-26
Kings,2225.0,22.0,45,1,2020-06-27
Kings,2251.0,24.0,26,2,2020-06-28
Kings,2318.0,28.0,67,4,2020-06-29
Kings,2344.0,30.0,26,2,2020-06-30
Kings,2370.0,30.0,26,0,2020-07-01
Kings,2419.0,33.0,49,3,2020-07-02
Kings,2492.0,33.0,73,0,2020-07-03
Kings,2509.0,33.0,17,0,2020-07-04
Kings,2546.0,33.0,37,0,2020-07-05
Kings,2583.0,37.0,37,4,2020-07-06
Kings,2623.0,37.0,40,0,2020-07-07
Kings,2629.0,38.0,6,1,2020-07-08
Kings,2686.0,39.0,57,1,2020-07-09
Kings,2707.0,39.0,21,0,2020-07-10
Kings,2753.0,39.0,46,0,2020-07-11
Kings,2779.0,39.0,26,0,2020-07-12
Kings,2824.0,40.0,45,1,2020-07-13
Kings,2867.0,40.0,43,0,2020-07-14
Kings,2906.0,40.0,39,0,2020-07-15
Kings,2937.0,41.0,31,1,2020-07-16
Kings,2978.0,41.0,41,0,2020-07-17
Kings,2996.0,41.0,18,0,2020-07-18
Kings,3035.0,41.0,39,0,2020-07-19
Kings,3093.0,42.0,58,1,2020-07-20
Kings,3187.0,42.0,94,0,2020-07-21
Kings,3271.0,45.0,84,3,2020-07-22
Kings,3371.0,45.0,100,0,2020-07-23
Kings,3471.0,45.0,100,0,2020-07-24
Kings,3516.0,45.0,45,0,2020-07-25
Kings,3591.0,47.0,75,2,2020-07-26
Kings,3685.0,49.0,94,2,2020-07-27
Kings,3721.0,50.0,36,1,2020-07-28
Kings,3755.0,50.0,34,0,2020-07-29
Kings,3785.0,54.0,30,4,2020-07-30
Kings,3807.0,56.0,22,2,2020-07-31
Kings,3948.0,56.0,141,0,2020-08-01
Kings,3964.0,56.0,16,0,2020-08-02
Kings,4107.0,56.0,143,0,2020-08-03
Kings,4163.0,56.0,56,0,2020-08-04
Kings,4192.0,56.0,29,0,2020-08-05
Kings,4264.0,56.0,72,0,2020-08-06
Kings,4315.0,56.0,51,0,2020-08-07
Kings,4367.0,56.0,52,0,2020-08-08
Kings,4446.0,56.0,79,0,2020-08-09
Kings,4588.0,56.0,142,0,2020-08-10
Kings,4696.0,56.0,108,0,2020-08-11
Kings,4736.0,62.0,40,6,2020-08-12
Kings,4824.0,64.0,88,2,2020-08-13
Kings,4953.0,64.0,129,0,2020-08-14
Kings,5039.0,64.0,86,0,2020-08-15
Kings,5146.0,66.0,107,2,2020-08-16
Kings,5249.0,66.0,103,0,2020-08-17
Kings,5269.0,67.0,20,1,2020-08-18
Kings,5301.0,67.0,32,0,2020-08-19
Kings,5347.0,68.0,46,1,2020-08-20
Kings,5391.0,68.0,44,0,2020-08-21
Kings,5447.0,68.0,56,0,2020-08-22
Kings,5628.0,68.0,181,0,2020-08-23
Kings,5652.0,68.0,24,0,2020-08-24
Kings,5702.0,69.0,50,1,2020-08-25
Kings,5720.0,72.0,18,3,2020-08-26
Kings,5759.0,72.0,39,0,2020-08-27
Kings,5829.0,72.0,70,0,2020-08-28
Kings,5906.0,72.0,77,0,2020-08-29
Kings,6000.0,72.0,94,0,2020-08-30
Kings,6037.0,72.0,37,0,2020-08-31
Kings,6088.0,72.0,51,0,2020-09-01
Kings,6142.0,74.0,54,2,2020-09-02
Kings,6200.0,75.0,58,1,2020-09-03
Kings,6259.0,76.0,59,1,2020-09-04
Kings,6518.0,76.0,259,0,2020-09-05
Kings,6561.0,76.0,43,0,2020-09-06
Kings,6630.0,76.0,69,0,2020-09-07
Kings,6658.0,76.0,28,0,2020-09-08
Kings,6721.0,76.0,63,0,2020-09-09
Kings,6739.0,76.0,18,0,2020-09-10
Kings,6770.0,77.0,31,1,2020-09-11
Kings,6895.0,77.0,125,0,2020-09-12
Kings,6937.0,77.0,42,0,2020-09-13
Kings,6950.0,77.0,13,0,2020-09-14
Kings,6977.0,77.0,27,0,2020-09-15
Kings,7002.0,77.0,25,0,2020-09-16
Kings,7015.0,77.0,13,0,2020-09-17
Kings,7062.0,77.0,47,0,2020-09-18
Kings,7130.0,77.0,68,0,2020-09-19
Kings,7159.0,77.0,29,0,2020-09-20
Kings,7297.0,77.0,138,0,2020-09-21
Kings,7395.0,77.0,98,0,2020-09-22
Kings,7406.0,77.0,11,0,2020-09-23
Kings,7428.0,77.0,22,0,2020-09-24
Kings,7450.0,77.0,22,0,2020-09-25
Kings,7537.0,80.0,87,3,2020-09-26
Kings,7641.0,80.0,104,0,2020-09-27
Kings,7661.0,80.0,20,0,2020-09-28
Kings,7681.0,80.0,20,0,2020-09-29
Kings,7685.0,80.0,4,0,2020-09-30
Kings,7688.0,80.0,3,0,2020-10-01
Kings,7716.0,80.0,28,0,2020-10-02
Kings,7887.0,80.0,171,0,2020-10-03
Kings,7919.0,82.0,32,2,2020-10-04
Kings,7932.0,82.0,13,0,2020-10-05
Kings,7943.0,82.0,11,0,2020-10-06
Kings,7948.0,82.0,5,0,2020-10-07
Kings,7968.0,82.0,20,0,2020-10-08
Kings,7993.0,82.0,25,0,2020-10-09
Kings,8078.0,82.0,85,0,2020-10-10
Kings,8094.0,82.0,16,0,2020-10-11
Kings,8106.0,82.0,12,0,2020-10-12
Kings,8111.0,82.0,5,0,2020-10-13
Kings,8118.0,82.0,7,0,2020-10-14
Kings,8134.0,82.0,16,0,2020-10-15
Kings,8146.0,83.0,12,1,2020-10-16
Kings,8151.0,83.0,5,0,2020-10-17
Kings,8159.0,83.0,8,0,2020-10-18
Kings,8173.0,83.0,14,0,2020-10-19
Kings,8178.0,83.0,5,0,2020-10-20
Kings,8186.0,83.0,8,0,2020-10-21
Kings,8201.0,83.0,15,0,2020-10-22
Kings,8218.0,83.0,17,0,2020-10-23
Kings,8228.0,83.0,10,0,2020-10-24
Kings,8246.0,83.0,18,0,2020-10-25
Kings,8264.0,83.0,18,0,2020-10-26
Kings,8411.0,83.0,147,0,2020-10-27
Kings,8486.0,83.0,75,0,2020-10-28
Kings,8502.0,83.0,16,0,2020-10-29
Kings,8564.0,83.0,62,0,2020-10-30
Kings,8612.0,83.0,48,0,2020-10-31
Kings,8641.0,83.0,29,0,2020-11-01
Kings,8654.0,84.0,13,1,2020-11-02
Kings,8783.0,84.0,129,0,2020-11-03
Kings,8817.0,84.0,34,0,2020-11-04
Kings,8846.0,84.0,29,0,2020-11-05
Kings,8883.0,86.0,37,2,2020-11-06
Kings,9002.0,87.0,119,1,2020-11-07
Kings,9026.0,87.0,24,0,2020-11-08
Kings,9141.0,87.0,115,0,2020-11-09
Kings,9236.0,87.0,95,0,2020-11-10
Kings,9263.0,87.0,27,0,2020-11-11
Kings,9335.0,87.0,72,0,2020-11-12
Kings,9428.0,87.0,93,0,2020-11-13
Kings,9490.0,86.0,62,-1,2020-11-14
Kings,9533.0,87.0,43,1,2020-11-15
Kings,9569.0,87.0,36,0,2020-11-16
Kings,9653.0,87.0,84,0,2020-11-17
Kings,9696.0,86.0,43,-1,2020-11-18
Kings,9763.0,86.0,67,0,2020-11-19
Kings,9903.0,86.0,140,0,2020-11-20
Kings,10019.0,86.0,116,0,2020-11-21
Kings,10035.0,86.0,16,0,2020-11-22
Kings,10204.0,87.0,169,1,2020-11-23
Kings,10338.0,87.0,134,0,2020-11-24
Kings,10417.0,87.0,79,0,2020-11-25
Kings,10475.0,87.0,58,0,2020-11-26
Kings,10667.0,87.0,192,0,2020-11-27
Kings,11070.0,87.0,403,0,2020-11-28
Kings,11247.0,87.0,177,0,2020-11-29
Kings,11346.0,87.0,99,0,2020-11-30
Kings,11415.0,89.0,69,2,2020-12-01
Kings,11531.0,89.0,116,0,2020-12-02
Kings,11658.0,89.0,127,0,2020-12-03
Kings,11767.0,91.0,109,2,2020-12-04
Kings,11898.0,93.0,131,2,2020-12-05
Kings,12056.0,95.0,158,2,2020-12-06
Kings,12412.0,95.0,356,0,2020-12-07
Kings,12623.0,95.0,211,0,2020-12-08
Kings,12716.0,97.0,93,2,2020-12-09
Kings,12993.0,97.0,277,0,2020-12-10
Kings,13118.0,98.0,125,1,2020-12-11
Kings,13205.0,98.0,87,0,2020-12-12
Kings,13357.0,98.0,152,0,2020-12-13
Kings,13491.0,100.0,134,2,2020-12-14
Kern,1.0,0.0,1,0,2020-03-18
Kern,3.0,0.0,2,0,2020-03-19
Kern,3.0,0.0,0,0,2020-03-20
Kern,3.0,0.0,0,0,2020-03-21
Kern,3.0,0.0,0,0,2020-03-22
Kern,5.0,0.0,2,0,2020-03-23
Kern,5.0,0.0,0,0,2020-03-24
Kern,13.0,0.0,8,0,2020-03-25
Kern,20.0,0.0,7,0,2020-03-26
Kern,20.0,0.0,0,0,2020-03-27
Kern,20.0,0.0,0,0,2020-03-28
Kern,20.0,0.0,0,0,2020-03-29
Kern,30.0,0.0,10,0,2020-03-30
Kern,47.0,0.0,17,0,2020-03-31
Kern,53.0,0.0,6,0,2020-04-01
Kern,74.0,0.0,21,0,2020-04-02
Kern,87.0,1.0,13,1,2020-04-03
Kern,103.0,2.0,16,1,2020-04-04
Kern,109.0,2.0,6,0,2020-04-05
Kern,117.0,2.0,8,0,2020-04-06
Kern,134.0,2.0,17,0,2020-04-07
Kern,198.0,2.0,64,0,2020-04-08
Kern,241.0,2.0,43,0,2020-04-09
Kern,272.0,3.0,31,1,2020-04-10
Kern,304.0,3.0,32,0,2020-04-11
Kern,319.0,3.0,15,0,2020-04-12
Kern,379.0,3.0,60,0,2020-04-13
Kern,453.0,3.0,74,0,2020-04-14
Kern,500.0,3.0,47,0,2020-04-15
Kern,587.0,3.0,87,0,2020-04-16
Kern,612.0,3.0,25,0,2020-04-17
Kern,626.0,3.0,14,0,2020-04-18
Kern,629.0,3.0,3,0,2020-04-19
Kern,651.0,3.0,22,0,2020-04-20
Kern,676.0,4.0,25,1,2020-04-21
Kern,713.0,4.0,37,0,2020-04-22
Kern,732.0,4.0,19,0,2020-04-23
Kern,770.0,4.0,38,0,2020-04-24
Kern,802.0,4.0,32,0,2020-04-25
Kern,831.0,5.0,29,1,2020-04-26
Kern,865.0,5.0,34,0,2020-04-27
Kern,882.0,5.0,17,0,2020-04-28
Kern,910.0,6.0,28,1,2020-04-29
Kern,941.0,8.0,31,2,2020-04-30
Kern,972.0,8.0,31,0,2020-05-01
Kern,1007.0,8.0,35,0,2020-05-02
Kern,1025.0,8.0,18,0,2020-05-03
Kern,1047.0,10.0,22,2,2020-05-04
Kern,1084.0,11.0,37,1,2020-05-05
Kern,1112.0,14.0,28,3,2020-05-06
Kern,1176.0,15.0,64,1,2020-05-07
Kern,1214.0,16.0,38,1,2020-05-08
Kern,1262.0,16.0,48,0,2020-05-09
Kern,1300.0,16.0,38,0,2020-05-10
Kern,1331.0,16.0,31,0,2020-05-11
Kern,1363.0,21.0,32,5,2020-05-12
Kern,1390.0,22.0,27,1,2020-05-13
Kern,1430.0,25.0,40,3,2020-05-14
Kern,1472.0,25.0,42,0,2020-05-15
Kern,1509.0,25.0,37,0,2020-05-16
Kern,1546.0,26.0,37,1,2020-05-17
Kern,1566.0,26.0,20,0,2020-05-18
Kern,1601.0,26.0,35,0,2020-05-19
Kern,1639.0,27.0,38,1,2020-05-20
Kern,1684.0,28.0,45,1,2020-05-21
Kern,1749.0,30.0,65,2,2020-05-22
Kern,1806.0,31.0,57,1,2020-05-23
Kern,1861.0,31.0,55,0,2020-05-24
Kern,1890.0,31.0,29,0,2020-05-25
Kern,1890.0,35.0,0,4,2020-05-26
Kern,1999.0,36.0,109,1,2020-05-27
Kern,2069.0,37.0,70,1,2020-05-28
Kern,2128.0,37.0,59,0,2020-05-29
Kern,2217.0,38.0,89,1,2020-05-30
Kern,2300.0,38.0,83,0,2020-05-31
Kern,2366.0,38.0,66,0,2020-06-01
Kern,2406.0,39.0,40,1,2020-06-02
Kern,2452.0,41.0,46,2,2020-06-03
Kern,2530.0,45.0,78,4,2020-06-04
Kern,2624.0,46.0,94,1,2020-06-05
Kern,2695.0,46.0,71,0,2020-06-06
Kern,2771.0,46.0,76,0,2020-06-07
Kern,2853.0,50.0,82,4,2020-06-08
Kern,2920.0,50.0,67,0,2020-06-09
Kern,3000.0,53.0,80,3,2020-06-10
Kern,3047.0,54.0,47,1,2020-06-11
Kern,3152.0,55.0,105,1,2020-06-12
Kern,3239.0,55.0,87,0,2020-06-13
Kern,3328.0,55.0,89,0,2020-06-14
Kern,3417.0,57.0,89,2,2020-06-15
Kern,3496.0,58.0,79,1,2020-06-16
Kern,3547.0,60.0,51,2,2020-06-17
Kern,3634.0,60.0,87,0,2020-06-18
Kern,3742.0,60.0,108,0,2020-06-19
Kern,3836.0,60.0,94,0,2020-06-20
Kern,3918.0,60.0,82,0,2020-06-21
Kern,3982.0,66.0,64,6,2020-06-22
Kern,4087.0,66.0,105,0,2020-06-23
Kern,4155.0,70.0,68,4,2020-06-24
Kern,4245.0,70.0,90,0,2020-06-25
Kern,4380.0,70.0,135,0,2020-06-26
Kern,4474.0,70.0,94,0,2020-06-27
Kern,4592.0,70.0,118,0,2020-06-28
Kern,4725.0,70.0,133,0,2020-06-29
Kern,4807.0,73.0,82,3,2020-06-30
Kern,5013.0,76.0,206,3,2020-07-01
Kern,5036.0,77.0,23,1,2020-07-02
Kern,5213.0,80.0,177,3,2020-07-03
Kern,5231.0,81.0,18,1,2020-07-04
Kern,5351.0,81.0,120,0,2020-07-05
Kern,5491.0,82.0,140,1,2020-07-06
Kern,5645.0,84.0,154,2,2020-07-07
Kern,5873.0,87.0,228,3,2020-07-08
Kern,6100.0,89.0,227,2,2020-07-09
Kern,6344.0,97.0,244,8,2020-07-10
Kern,6509.0,97.0,165,0,2020-07-11
Kern,6662.0,97.0,153,0,2020-07-12
Kern,6808.0,98.0,146,1,2020-07-13
Kern,6979.0,98.0,171,0,2020-07-14
Kern,7155.0,98.0,176,0,2020-07-15
Kern,7435.0,105.0,280,7,2020-07-16
Kern,8291.0,105.0,856,0,2020-07-17
Kern,9250.0,105.0,959,0,2020-07-18
Kern,10094.0,105.0,844,0,2020-07-19
Kern,10908.0,105.0,814,0,2020-07-20
Kern,11998.0,105.0,1090,0,2020-07-21
Kern,13513.0,115.0,1515,10,2020-07-22
Kern,14491.0,115.0,978,0,2020-07-23
Kern,16124.0,123.0,1633,8,2020-07-24
Kern,16910.0,123.0,786,0,2020-07-25
Kern,17394.0,123.0,484,0,2020-07-26
Kern,17994.0,123.0,600,0,2020-07-27
Kern,18834.0,135.0,840,12,2020-07-28
Kern,19073.0,135.0,239,0,2020-07-29
Kern,19552.0,139.0,479,4,2020-07-30
Kern,20061.0,140.0,509,1,2020-07-31
Kern,20796.0,144.0,735,4,2020-08-01
Kern,21162.0,144.0,366,0,2020-08-02
Kern,21285.0,144.0,123,0,2020-08-03
Kern,21403.0,151.0,118,7,2020-08-04
Kern,21540.0,152.0,137,1,2020-08-05
Kern,21843.0,152.0,303,0,2020-08-06
Kern,22143.0,160.0,300,8,2020-08-07
Kern,22803.0,171.0,660,11,2020-08-08
Kern,23680.0,171.0,877,0,2020-08-09
Kern,24499.0,171.0,819,0,2020-08-10
Kern,25042.0,183.0,543,12,2020-08-11
Kern,25191.0,183.0,149,0,2020-08-12
Kern,25472.0,187.0,281,4,2020-08-13
Kern,25893.0,204.0,421,17,2020-08-14
Kern,26338.0,204.0,445,0,2020-08-15
Kern,26520.0,204.0,182,0,2020-08-16
Kern,26773.0,204.0,253,0,2020-08-17
Kern,26978.0,216.0,205,12,2020-08-18
Kern,27142.0,228.0,164,12,2020-08-19
Kern,27337.0,229.0,195,1,2020-08-20
Kern,27567.0,238.0,230,9,2020-08-21
Kern,27807.0,240.0,240,2,2020-08-22
Kern,28028.0,240.0,221,0,2020-08-23
Kern,28157.0,240.0,129,0,2020-08-24
Kern,28416.0,251.0,259,11,2020-08-25
Kern,28507.0,251.0,91,0,2020-08-26
Kern,28635.0,256.0,128,5,2020-08-27
Kern,28744.0,273.0,109,17,2020-08-28
Kern,28947.0,286.0,203,13,2020-08-29
Kern,28987.0,286.0,40,0,2020-08-30
Kern,29067.0,286.0,80,0,2020-08-31
Kern,29162.0,292.0,95,6,2020-09-01
Kern,29288.0,296.0,126,4,2020-09-02
Kern,29426.0,294.0,138,-2,2020-09-03
Kern,29526.0,296.0,100,2,2020-09-04
Kern,29645.0,296.0,119,0,2020-09-05
Kern,29699.0,296.0,54,0,2020-09-06
Kern,29790.0,296.0,91,0,2020-09-07
Kern,29850.0,296.0,60,0,2020-09-08
Kern,29925.0,297.0,75,1,2020-09-09
Kern,29988.0,307.0,63,10,2020-09-10
Kern,30059.0,322.0,71,15,2020-09-11
Kern,30202.0,326.0,143,4,2020-09-12
Kern,30277.0,332.0,75,6,2020-09-13
Kern,30344.0,332.0,67,0,2020-09-14
Kern,30429.0,333.0,85,1,2020-09-15
Kern,30570.0,340.0,141,7,2020-09-16
Kern,30627.0,340.0,57,0,2020-09-17
Kern,30742.0,350.0,115,10,2020-09-18
Kern,30886.0,354.0,144,4,2020-09-19
Kern,30992.0,354.0,106,0,2020-09-20
Kern,31031.0,354.0,39,0,2020-09-21
Kern,31110.0,357.0,79,3,2020-09-22
Kern,31172.0,360.0,62,3,2020-09-23
Kern,31273.0,361.0,101,1,2020-09-24
Kern,31333.0,367.0,60,6,2020-09-25
Kern,31410.0,369.0,77,2,2020-09-26
Kern,31462.0,369.0,52,0,2020-09-27
Kern,31481.0,369.0,19,0,2020-09-28
Kern,31534.0,369.0,53,0,2020-09-29
Kern,31601.0,370.0,67,1,2020-09-30
Kern,31678.0,371.0,77,1,2020-10-01
Kern,31790.0,381.0,112,10,2020-10-02
Kern,31864.0,386.0,74,5,2020-10-03
Kern,31906.0,386.0,42,0,2020-10-04
Kern,31933.0,386.0,27,0,2020-10-05
Kern,32006.0,387.0,73,1,2020-10-06
Kern,32068.0,387.0,62,0,2020-10-07
Kern,32169.0,387.0,101,0,2020-10-08
Kern,32237.0,392.0,68,5,2020-10-09
Kern,32338.0,394.0,101,2,2020-10-10
Kern,32399.0,395.0,61,1,2020-10-11
Kern,32425.0,395.0,26,0,2020-10-12
Kern,32497.0,397.0,72,2,2020-10-13
Kern,32528.0,406.0,31,9,2020-10-14
Kern,32593.0,406.0,65,0,2020-10-15
Kern,32660.0,408.0,67,2,2020-10-16
Kern,32710.0,410.0,50,2,2020-10-17
Kern,32799.0,410.0,89,0,2020-10-18
Kern,32840.0,410.0,41,0,2020-10-19
Kern,32889.0,413.0,49,3,2020-10-20
Kern,32956.0,415.0,67,2,2020-10-21
Kern,32991.0,416.0,35,1,2020-10-22
Kern,33077.0,416.0,86,0,2020-10-23
Kern,33105.0,416.0,28,0,2020-10-24
Kern,33185.0,416.0,80,0,2020-10-25
Kern,33233.0,416.0,48,0,2020-10-26
Kern,33328.0,420.0,95,4,2020-10-27
Kern,33424.0,420.0,96,0,2020-10-28
Kern,33460.0,422.0,36,2,2020-10-29
Kern,33583.0,423.0,123,1,2020-10-30
Kern,33666.0,424.0,83,1,2020-10-31
Kern,33760.0,424.0,94,0,2020-11-01
Kern,33834.0,424.0,74,0,2020-11-02
Kern,33957.0,425.0,123,1,2020-11-03
Kern,34027.0,426.0,70,1,2020-11-04
Kern,34232.0,428.0,205,2,2020-11-05
Kern,34360.0,429.0,128,1,2020-11-06
Kern,34439.0,429.0,79,0,2020-11-07
Kern,34644.0,429.0,205,0,2020-11-08
Kern,34764.0,429.0,120,0,2020-11-09
Kern,34858.0,429.0,94,0,2020-11-10
Kern,35014.0,429.0,156,0,2020-11-11
Kern,35207.0,430.0,193,1,2020-11-12
Kern,35431.0,432.0,224,2,2020-11-13
Kern,35626.0,432.0,195,0,2020-11-14
Kern,35911.0,432.0,285,0,2020-11-15
Kern,36049.0,432.0,138,0,2020-11-16
Kern,36164.0,432.0,115,0,2020-11-17
Kern,36537.0,437.0,373,5,2020-11-18
Kern,36779.0,437.0,242,0,2020-11-19
Kern,37143.0,440.0,364,3,2020-11-20
Kern,37403.0,445.0,260,5,2020-11-21
Kern,37904.0,445.0,501,0,2020-11-22
Kern,38245.0,445.0,341,0,2020-11-23
Kern,38551.0,447.0,306,2,2020-11-24
Kern,38878.0,448.0,327,1,2020-11-25
Kern,39123.0,448.0,245,0,2020-11-26
Kern,39707.0,448.0,584,0,2020-11-27
Kern,40255.0,448.0,548,0,2020-11-28
Kern,40596.0,448.0,341,0,2020-11-29
Kern,40941.0,448.0,345,0,2020-11-30
Kern,41345.0,449.0,404,1,2020-12-01
Kern,41660.0,451.0,315,2,2020-12-02
Kern,42062.0,452.0,402,1,2020-12-03
Kern,42497.0,455.0,435,3,2020-12-04
Kern,43332.0,456.0,835,1,2020-12-05
Kern,43899.0,456.0,567,0,2020-12-06
Kern,44409.0,456.0,510,0,2020-12-07
Kern,45116.0,457.0,707,1,2020-12-08
Kern,46379.0,463.0,1263,6,2020-12-09
Kern,47176.0,463.0,797,0,2020-12-10
Kern,47664.0,467.0,488,4,2020-12-11
Kern,48194.0,467.0,530,0,2020-12-12
Kern,49051.0,469.0,857,2,2020-12-13
Kern,50538.0,469.0,1487,0,2020-12-14
Riverside,11.0,2.0,11,2,2020-03-18
Riverside,14.0,3.0,3,1,2020-03-19
Riverside,19.0,3.0,5,0,2020-03-20
Riverside,20.0,3.0,1,0,2020-03-21
Riverside,26.0,5.0,6,2,2020-03-22
Riverside,39.0,5.0,13,0,2020-03-23
Riverside,56.0,5.0,17,0,2020-03-24
Riverside,87.0,5.0,31,0,2020-03-25
Riverside,118.0,7.0,31,2,2020-03-26
Riverside,121.0,7.0,3,0,2020-03-27
Riverside,121.0,7.0,0,0,2020-03-28
Riverside,122.0,7.0,1,0,2020-03-29
Riverside,204.0,7.0,82,0,2020-03-30
Riverside,284.0,8.0,80,1,2020-03-31
Riverside,306.0,11.0,22,3,2020-04-01
Riverside,438.0,13.0,132,2,2020-04-02
Riverside,540.0,14.0,102,1,2020-04-03
Riverside,652.0,15.0,112,1,2020-04-04
Riverside,669.0,17.0,17,2,2020-04-05
Riverside,854.0,17.0,185,0,2020-04-06
Riverside,905.0,25.0,51,8,2020-04-07
Riverside,974.0,28.0,69,3,2020-04-08
Riverside,1083.0,29.0,109,1,2020-04-09
Riverside,1162.0,38.0,79,9,2020-04-10
Riverside,1260.0,38.0,98,0,2020-04-11
Riverside,1330.0,39.0,70,1,2020-04-12
Riverside,1460.0,50.0,130,11,2020-04-13
Riverside,1467.0,54.0,7,4,2020-04-14
Riverside,1723.0,59.0,256,5,2020-04-15
Riverside,1913.0,65.0,190,6,2020-04-16
Riverside,2080.0,73.0,167,8,2020-04-17
Riverside,2257.0,78.0,177,5,2020-04-18
Riverside,2316.0,83.0,59,5,2020-04-19
Riverside,2477.0,89.0,161,6,2020-04-20
Riverside,2631.0,96.0,154,7,2020-04-21
Riverside,2822.0,109.0,191,13,2020-04-22
Riverside,2935.0,110.0,113,1,2020-04-23
Riverside,3044.0,118.0,109,8,2020-04-24
Riverside,3037.0,118.0,-7,0,2020-04-25
Riverside,3301.0,131.0,264,13,2020-04-26
Riverside,3381.0,138.0,80,7,2020-04-27
Riverside,3504.0,142.0,123,4,2020-04-28
Riverside,3700.0,149.0,196,7,2020-04-29
Riverside,3820.0,156.0,120,7,2020-04-30
Riverside,3893.0,167.0,73,11,2020-05-01
Riverside,3997.0,167.0,104,0,2020-05-02
Riverside,4034.0,176.0,37,9,2020-05-03
Riverside,4221.0,184.0,187,8,2020-05-04
Riverside,4309.0,190.0,88,6,2020-05-05
Riverside,4535.0,194.0,226,4,2020-05-06
Riverside,4608.0,203.0,73,9,2020-05-07
Riverside,4672.0,210.0,64,7,2020-05-08
Riverside,4871.0,212.0,199,2,2020-05-09
Riverside,4951.0,215.0,80,3,2020-05-10
Riverside,5082.0,228.0,131,13,2020-05-11
Riverside,5134.0,238.0,52,10,2020-05-12
Riverside,5204.0,246.0,70,8,2020-05-13
Riverside,5339.0,249.0,135,3,2020-05-14
Riverside,5496.0,255.0,157,6,2020-05-15
Riverside,5633.0,259.0,137,4,2020-05-16
Riverside,5776.0,263.0,143,4,2020-05-17
Riverside,5873.0,268.0,97,5,2020-05-18
Riverside,5963.0,274.0,90,6,2020-05-19
Riverside,6090.0,283.0,127,9,2020-05-20
Riverside,6245.0,289.0,155,6,2020-05-21
Riverside,6351.0,298.0,106,9,2020-05-22
Riverside,6460.0,299.0,109,1,2020-05-23
Riverside,6571.0,304.0,111,5,2020-05-24
Riverside,6900.0,309.0,329,5,2020-05-25
Riverside,6917.0,314.0,17,5,2020-05-26
Riverside,7156.0,320.0,239,6,2020-05-27
Riverside,7240.0,331.0,84,11,2020-05-28
Riverside,7376.0,339.0,136,8,2020-05-29
Riverside,7492.0,339.0,116,0,2020-05-30
Riverside,7704.0,344.0,212,5,2020-05-31
Riverside,7921.0,344.0,217,0,2020-06-01
Riverside,8091.0,344.0,170,0,2020-06-02
Riverside,8208.0,345.0,117,1,2020-06-03
Riverside,8473.0,345.0,265,0,2020-06-04
Riverside,8700.0,355.0,227,10,2020-06-05
Riverside,8935.0,355.0,235,0,2020-06-06
Riverside,9105.0,355.0,170,0,2020-06-07
Riverside,9246.0,364.0,141,9,2020-06-08
Riverside,9511.0,365.0,265,1,2020-06-09
Riverside,9857.0,380.0,346,15,2020-06-10
Riverside,10014.0,380.0,157,0,2020-06-11
Riverside,10616.0,383.0,602,3,2020-06-12
Riverside,10931.0,383.0,315,0,2020-06-13
Riverside,11218.0,383.0,287,0,2020-06-14
Riverside,11376.0,384.0,158,1,2020-06-15
Riverside,11638.0,395.0,262,11,2020-06-16
Riverside,11859.0,399.0,221,4,2020-06-17
Riverside,12410.0,408.0,551,9,2020-06-18
Riverside,12710.0,410.0,300,2,2020-06-19
Riverside,13021.0,410.0,311,0,2020-06-20
Riverside,13528.0,410.0,507,0,2020-06-21
Riverside,13948.0,424.0,420,14,2020-06-22
Riverside,14469.0,431.0,521,7,2020-06-23
Riverside,14946.0,432.0,477,1,2020-06-24
Riverside,15286.0,435.0,340,3,2020-06-25
Riverside,15955.0,438.0,669,3,2020-06-26
Riverside,16352.0,438.0,397,0,2020-06-27
Riverside,17257.0,438.0,905,0,2020-06-28
Riverside,18570.0,440.0,1313,2,2020-06-29
Riverside,19226.0,457.0,656,17,2020-06-30
Riverside,19536.0,463.0,310,6,2020-07-01
Riverside,20253.0,465.0,717,2,2020-07-02
Riverside,21171.0,479.0,918,14,2020-07-03
Riverside,21508.0,479.0,337,0,2020-07-04
Riverside,21511.0,479.0,3,0,2020-07-05
Riverside,22485.0,486.0,974,7,2020-07-06
Riverside,23279.0,506.0,794,20,2020-07-07
Riverside,24042.0,515.0,763,9,2020-07-08
Riverside,24980.0,533.0,938,18,2020-07-09
Riverside,25481.0,537.0,501,4,2020-07-10
Riverside,25994.0,537.0,513,0,2020-07-11
Riverside,26404.0,537.0,410,0,2020-07-12
Riverside,27136.0,550.0,732,13,2020-07-13
Riverside,27850.0,553.0,714,3,2020-07-14
Riverside,28492.0,577.0,642,24,2020-07-15
Riverside,28904.0,585.0,412,8,2020-07-16
Riverside,29639.0,587.0,735,2,2020-07-17
Riverside,30245.0,587.0,606,0,2020-07-18
Riverside,30340.0,587.0,95,0,2020-07-19
Riverside,31163.0,588.0,823,1,2020-07-20
Riverside,32231.0,589.0,1068,1,2020-07-21
Riverside,33093.0,617.0,862,28,2020-07-22
Riverside,33833.0,637.0,740,20,2020-07-23
Riverside,34513.0,637.0,680,0,2020-07-24
Riverside,34921.0,637.0,408,0,2020-07-25
Riverside,35636.0,637.0,715,0,2020-07-26
Riverside,35822.0,671.0,186,34,2020-07-27
Riverside,36458.0,672.0,636,1,2020-07-28
Riverside,36968.0,682.0,510,10,2020-07-29
Riverside,37308.0,688.0,340,6,2020-07-30
Riverside,37612.0,695.0,304,7,2020-07-31
Riverside,38216.0,695.0,604,0,2020-08-01
Riverside,38507.0,695.0,291,0,2020-08-02
Riverside,38642.0,737.0,135,42,2020-08-03
Riverside,38991.0,738.0,349,1,2020-08-04
Riverside,39454.0,752.0,463,14,2020-08-05
Riverside,40269.0,770.0,815,18,2020-08-06
Riverside,40902.0,799.0,633,29,2020-08-07
Riverside,41412.0,799.0,510,0,2020-08-08
Riverside,41894.0,799.0,482,0,2020-08-09
Riverside,43296.0,820.0,1402,21,2020-08-10
Riverside,44237.0,824.0,941,4,2020-08-11
Riverside,44747.0,853.0,510,29,2020-08-12
Riverside,45327.0,879.0,580,26,2020-08-13
Riverside,46456.0,881.0,1129,2,2020-08-14
Riverside,46720.0,881.0,264,0,2020-08-15
Riverside,47669.0,881.0,949,0,2020-08-16
Riverside,48062.0,912.0,393,31,2020-08-17
Riverside,48447.0,913.0,385,1,2020-08-18
Riverside,48741.0,917.0,294,4,2020-08-19
Riverside,48953.0,922.0,212,5,2020-08-20
Riverside,49409.0,927.0,456,5,2020-08-21
Riverside,49944.0,927.0,535,0,2020-08-22
Riverside,50293.0,927.0,349,0,2020-08-23
Riverside,50496.0,972.0,203,45,2020-08-24
Riverside,50889.0,978.0,393,6,2020-08-25
Riverside,51138.0,984.0,249,6,2020-08-26
Riverside,51306.0,997.0,168,13,2020-08-27
Riverside,51510.0,1007.0,204,10,2020-08-28
Riverside,51918.0,1007.0,408,0,2020-08-29
Riverside,52227.0,1007.0,309,0,2020-08-30
Riverside,52508.0,1019.0,281,12,2020-08-31
Riverside,52785.0,1026.0,277,7,2020-09-01
Riverside,52923.0,1033.0,138,7,2020-09-02
Riverside,53341.0,1053.0,418,20,2020-09-03
Riverside,53606.0,1067.0,265,14,2020-09-04
Riverside,53780.0,1067.0,174,0,2020-09-05
Riverside,53970.0,1067.0,190,0,2020-09-06
Riverside,54178.0,1067.0,208,0,2020-09-07
Riverside,54168.0,1075.0,-10,8,2020-09-08
Riverside,54320.0,1085.0,152,10,2020-09-09
Riverside,54417.0,1094.0,97,9,2020-09-10
Riverside,54717.0,1103.0,300,9,2020-09-11
Riverside,55058.0,1103.0,341,0,2020-09-12
Riverside,55235.0,1103.0,177,0,2020-09-13
Riverside,55488.0,1118.0,253,15,2020-09-14
Riverside,55569.0,1125.0,81,7,2020-09-15
Riverside,55811.0,1136.0,242,11,2020-09-16
Riverside,56007.0,1143.0,196,7,2020-09-17
Riverside,56248.0,1153.0,241,10,2020-09-18
Riverside,56562.0,1153.0,314,0,2020-09-19
Riverside,56783.0,1153.0,221,0,2020-09-20
Riverside,57001.0,1162.0,218,9,2020-09-21
Riverside,57066.0,1172.0,65,10,2020-09-22
Riverside,57257.0,1173.0,191,1,2020-09-23
Riverside,57491.0,1179.0,234,6,2020-09-24
Riverside,57783.0,1189.0,292,10,2020-09-25
Riverside,58076.0,1189.0,293,0,2020-09-26
Riverside,58509.0,1189.0,433,0,2020-09-27
Riverside,58570.0,1206.0,61,17,2020-09-28
Riverside,58863.0,1216.0,293,10,2020-09-29
Riverside,59074.0,1226.0,211,10,2020-09-30
Riverside,59293.0,1226.0,219,0,2020-10-01
Riverside,59673.0,1231.0,380,5,2020-10-02
Riverside,59991.0,1231.0,318,0,2020-10-03
Riverside,60251.0,1231.0,260,0,2020-10-04
Riverside,60454.0,1238.0,203,7,2020-10-05
Riverside,60593.0,1244.0,139,6,2020-10-06
Riverside,60857.0,1247.0,264,3,2020-10-07
Riverside,61105.0,1248.0,248,1,2020-10-08
Riverside,61529.0,1256.0,424,8,2020-10-09
Riverside,61845.0,1256.0,316,0,2020-10-10
Riverside,62112.0,1256.0,267,0,2020-10-11
Riverside,62279.0,1256.0,167,0,2020-10-12
Riverside,62279.0,1258.0,0,2,2020-10-13
Riverside,62607.0,1264.0,328,6,2020-10-14
Riverside,62819.0,1269.0,212,5,2020-10-15
Riverside,62986.0,1269.0,167,0,2020-10-16
Riverside,63171.0,1269.0,185,0,2020-10-17
Riverside,63765.0,1269.0,594,0,2020-10-18
Riverside,64016.0,1272.0,251,3,2020-10-19
Riverside,64452.0,1273.0,436,1,2020-10-20
Riverside,64778.0,1275.0,326,2,2020-10-21
Riverside,65104.0,1279.0,326,4,2020-10-22
Riverside,65512.0,1279.0,408,0,2020-10-23
Riverside,65902.0,1279.0,390,0,2020-10-24
Riverside,66192.0,1279.0,290,0,2020-10-25
Riverside,66475.0,1295.0,283,16,2020-10-26
Riverside,66699.0,1303.0,224,8,2020-10-27
Riverside,67003.0,1305.0,304,2,2020-10-28
Riverside,67268.0,1306.0,265,1,2020-10-29
Riverside,67752.0,1319.0,484,13,2020-10-30
Riverside,68178.0,1319.0,426,0,2020-10-31
Riverside,68493.0,1319.0,315,0,2020-11-01
Riverside,68833.0,1322.0,340,3,2020-11-02
Riverside,69300.0,1324.0,467,2,2020-11-03
Riverside,69562.0,1329.0,262,5,2020-11-04
Riverside,70094.0,1331.0,532,2,2020-11-05
Riverside,70409.0,1333.0,315,2,2020-11-06
Riverside,70975.0,1333.0,566,0,2020-11-07
Riverside,71442.0,1333.0,467,0,2020-11-08
Riverside,72059.0,1338.0,617,5,2020-11-09
Riverside,72316.0,1352.0,257,14,2020-11-10
Riverside,72953.0,1352.0,637,0,2020-11-11
Riverside,73381.0,1355.0,428,3,2020-11-12
Riverside,74138.0,1367.0,757,12,2020-11-13
Riverside,74910.0,1367.0,772,0,2020-11-14
Riverside,75531.0,1367.0,621,0,2020-11-15
Riverside,76449.0,1374.0,918,7,2020-11-16
Riverside,77079.0,1374.0,630,0,2020-11-17
Riverside,77739.0,1383.0,660,9,2020-11-18
Riverside,78535.0,1396.0,796,13,2020-11-19
Riverside,79613.0,1400.0,1078,4,2020-11-20
Riverside,80676.0,1400.0,1063,0,2020-11-21
Riverside,81565.0,1400.0,889,0,2020-11-22
Riverside,82175.0,1413.0,610,13,2020-11-23
Riverside,83685.0,1417.0,1510,4,2020-11-24
Riverside,85077.0,1434.0,1392,17,2020-11-25
Riverside,85774.0,1434.0,697,0,2020-11-26
Riverside,85769.0,1437.0,-5,3,2020-11-27
Riverside,86854.0,1437.0,1085,0,2020-11-28
Riverside,87383.0,1437.0,529,0,2020-11-29
Riverside,87722.0,1442.0,339,5,2020-11-30
Riverside,88530.0,1443.0,808,1,2020-12-01
Riverside,90089.0,1444.0,1559,1,2020-12-02
Riverside,92489.0,1457.0,2400,13,2020-12-03
Riverside,95255.0,1472.0,2766,15,2020-12-04
Riverside,98612.0,1472.0,3357,0,2020-12-05
Riverside,100088.0,1472.0,1476,0,2020-12-06
Riverside,102363.0,1488.0,2275,16,2020-12-07
Riverside,107620.0,1513.0,5257,25,2020-12-08
Riverside,110376.0,1539.0,2756,26,2020-12-09
Riverside,112794.0,1551.0,2418,12,2020-12-10
Riverside,115329.0,1573.0,2535,22,2020-12-11
Riverside,118335.0,1573.0,3006,0,2020-12-12
Riverside,119691.0,1573.0,1356,0,2020-12-13
Riverside,123715.0,1586.0,4024,13,2020-12-14
Unassigned,21.0,0.0,21,0,2020-03-18
Unassigned,13.0,0.0,-8,0,2020-03-19
Unassigned,16.0,0.0,3,0,2020-03-20
Unassigned,54.0,0.0,38,0,2020-03-21
Unassigned,59.0,1.0,5,1,2020-03-22
Unassigned,59.0,0.0,0,-1,2020-03-23
Unassigned,65.0,0.0,6,0,2020-03-24
Unassigned,68.0,0.0,3,0,2020-03-25
Unassigned,69.0,1.0,1,1,2020-03-26
Unassigned,43.0,1.0,-26,0,2020-03-27
Unassigned,47.0,1.0,4,0,2020-03-28
Unassigned,50.0,1.0,3,0,2020-03-29
Unassigned,50.0,1.0,0,0,2020-03-30
Unassigned,50.0,1.0,0,0,2020-03-31
Unassigned,50.0,1.0,0,0,2020-04-01
Unassigned,49.0,1.0,-1,0,2020-04-02
Unassigned,54.0,1.0,5,0,2020-04-03
Unassigned,52.0,1.0,-2,0,2020-04-04
Unassigned,52.0,1.0,0,0,2020-04-05
Unassigned,53.0,2.0,1,1,2020-04-06
Unassigned,53.0,2.0,0,0,2020-04-07
Unassigned,55.0,2.0,2,0,2020-04-08
Unassigned,53.0,2.0,-2,0,2020-04-09
Unassigned,2.0,0.0,-51,-2,2020-04-10
Unassigned,2.0,0.0,0,0,2020-04-11
Unassigned,2.0,0.0,0,0,2020-04-12
Unassigned,2.0,0.0,0,0,2020-04-13
Unassigned,2.0,0.0,0,0,2020-04-14
Unassigned,2.0,0.0,0,0,2020-04-15
Unassigned,4.0,0.0,2,0,2020-04-16
Unassigned,2.0,0.0,-2,0,2020-04-17
Unassigned,3.0,0.0,1,0,2020-04-18
Unassigned,1.0,0.0,-2,0,2020-04-19
Unassigned,2.0,0.0,1,0,2020-04-20
Unassigned,2.0,0.0,0,0,2020-04-21
Unassigned,3.0,0.0,1,0,2020-04-22
Unassigned,3.0,0.0,0,0,2020-04-23
Unassigned,2.0,0.0,-1,0,2020-04-24
Unassigned,3.0,0.0,1,0,2020-04-25
Unassigned,3.0,0.0,0,0,2020-04-26
Unassigned,3.0,0.0,0,0,2020-04-27
Unassigned,2.0,0.0,-1,0,2020-04-28
Unassigned,2.0,0.0,0,0,2020-04-29
Unassigned,3.0,0.0,1,0,2020-04-30
Unassigned,4.0,0.0,1,0,2020-05-01
Unassigned,2.0,0.0,-2,0,2020-05-02
Unassigned,3.0,0.0,1,0,2020-05-03
Unassigned,3.0,0.0,0,0,2020-05-04
Unassigned,2.0,0.0,-1,0,2020-05-05
Unassigned,2.0,0.0,0,0,2020-05-06
Unassigned,2.0,0.0,0,0,2020-05-07
Unassigned,2.0,0.0,0,0,2020-05-08
Unassigned,3.0,0.0,1,0,2020-05-09
Unassigned,2.0,0.0,-1,0,2020-05-10
Unassigned,3.0,0.0,1,0,2020-05-11
Unassigned,4.0,0.0,1,0,2020-05-12
Unassigned,2.0,0.0,-2,0,2020-05-13
Unassigned,2.0,0.0,0,0,2020-05-14
Unassigned,3.0,0.0,1,0,2020-05-15
Unassigned,4.0,0.0,1,0,2020-05-16
Unassigned,3.0,0.0,-1,0,2020-05-17
Unassigned,3.0,0.0,0,0,2020-05-18
Unassigned,6.0,0.0,3,0,2020-05-19
Unassigned,3.0,0.0,-3,0,2020-05-20
Unassigned,2.0,0.0,-1,0,2020-05-21
Unassigned,3.0,0.0,1,0,2020-05-22
Unassigned,2.0,0.0,-1,0,2020-05-23
Unassigned,2.0,0.0,0,0,2020-05-24
Unassigned,2.0,0.0,0,0,2020-05-25
Unassigned,2.0,0.0,0,0,2020-05-26
Unassigned,2.0,0.0,0,0,2020-05-27
Unassigned,3.0,0.0,1,0,2020-05-28
Unassigned,5.0,0.0,2,0,2020-05-29
Unassigned,3.0,0.0,-2,0,2020-05-30
Unassigned,2.0,0.0,-1,0,2020-05-31
Unassigned,3.0,0.0,1,0,2020-06-01
Unassigned,3.0,0.0,0,0,2020-06-02
Unassigned,2.0,0.0,-1,0,2020-06-03
Unassigned,3.0,0.0,1,0,2020-06-04
Unassigned,3.0,0.0,0,0,2020-06-05
Unassigned,2.0,0.0,-1,0,2020-06-06
Unassigned,3.0,0.0,1,0,2020-06-07
Unassigned,2.0,0.0,-1,0,2020-06-08
Unassigned,4.0,0.0,2,0,2020-06-09
Unassigned,3.0,0.0,-1,0,2020-06-10
Unassigned,2.0,0.0,-1,0,2020-06-11
Unassigned,3.0,0.0,1,0,2020-06-12
Unassigned,5.0,0.0,2,0,2020-06-13
Unassigned,2.0,0.0,-3,0,2020-06-14
Unassigned,4.0,0.0,2,0,2020-06-15
Unassigned,2.0,0.0,-2,0,2020-06-16
Unassigned,5.0,0.0,3,0,2020-06-17
Unassigned,3.0,0.0,-2,0,2020-06-18
Unassigned,3.0,0.0,0,0,2020-06-19
Unassigned,3.0,0.0,0,0,2020-06-20
Unassigned,3.0,0.0,0,0,2020-06-21
Unassigned,4.0,0.0,1,0,2020-06-22
Unassigned,3.0,0.0,-1,0,2020-06-23
Unassigned,2.0,0.0,-1,0,2020-06-24
Unassigned,2.0,0.0,0,0,2020-06-25
Unassigned,3.0,0.0,1,0,2020-06-26
Unassigned,3.0,0.0,0,0,2020-06-27
Unassigned,5.0,0.0,2,0,2020-06-28
Unassigned,4.0,0.0,-1,0,2020-06-29
Unassigned,5.0,0.0,1,0,2020-06-30
Unassigned,6.0,0.0,1,0,2020-07-01
Unassigned,7.0,0.0,1,0,2020-07-02
Unassigned,6.0,0.0,-1,0,2020-07-03
Unassigned,5.0,0.0,-1,0,2020-07-04
Unassigned,7.0,0.0,2,0,2020-07-05
Unassigned,8.0,0.0,1,0,2020-07-06
Unassigned,6.0,0.0,-2,0,2020-07-07
Unassigned,5.0,0.0,-1,0,2020-07-08
Unassigned,4.0,0.0,-1,0,2020-07-09
Unassigned,5.0,0.0,1,0,2020-07-10
Unassigned,3.0,0.0,-2,0,2020-07-11
Unassigned,5.0,0.0,2,0,2020-07-12
Unassigned,8.0,0.0,3,0,2020-07-13
Unassigned,4.0,0.0,-4,0,2020-07-14
Unassigned,10.0,0.0,6,0,2020-07-15
Unassigned,4.0,0.0,-6,0,2020-07-16
Unassigned,15.0,0.0,11,0,2020-07-17
Unassigned,8.0,0.0,-7,0,2020-07-18
Unassigned,10.0,0.0,2,0,2020-07-19
Unassigned,13.0,0.0,3,0,2020-07-20
Unassigned,3.0,0.0,-10,0,2020-07-21
Unassigned,4.0,0.0,1,0,2020-07-22
Unassigned,4.0,0.0,0,0,2020-07-23
Unassigned,5.0,0.0,1,0,2020-07-24
Unassigned,3.0,0.0,-2,0,2020-07-25
Unassigned,6.0,0.0,3,0,2020-07-26
Unassigned,5.0,0.0,-1,0,2020-07-27
Unassigned,4.0,0.0,-1,0,2020-07-28
Unassigned,2.0,0.0,-2,0,2020-07-29
Unassigned,4.0,0.0,2,0,2020-07-30
Unassigned,3.0,0.0,-1,0,2020-07-31
Unassigned,2.0,0.0,-1,0,2020-08-01
Unassigned,3.0,0.0,1,0,2020-08-02
Unassigned,3.0,0.0,0,0,2020-08-03
Unassigned,6.0,0.0,3,0,2020-08-04
Unassigned,3.0,0.0,-3,0,2020-08-05
Unassigned,2.0,0.0,-1,0,2020-08-06
Unassigned,2.0,0.0,0,0,2020-08-07
Unassigned,6.0,0.0,4,0,2020-08-08
Unassigned,5.0,0.0,-1,0,2020-08-09
Unassigned,4.0,0.0,-1,0,2020-08-10
Unassigned,6.0,0.0,2,0,2020-08-11
Unassigned,7.0,0.0,1,0,2020-08-12
Unassigned,2.0,0.0,-5,0,2020-08-13
Unassigned,4.0,0.0,2,0,2020-08-14
Unassigned,2.0,0.0,-2,0,2020-08-15
Unassigned,2.0,0.0,0,0,2020-08-16
Unassigned,2.0,0.0,0,0,2020-08-17
Unassigned,4.0,0.0,2,0,2020-08-18
Unassigned,2.0,0.0,-2,0,2020-08-19
Unassigned,4.0,0.0,2,0,2020-08-20
Unassigned,2.0,0.0,-2,0,2020-08-21
Unassigned,2.0,0.0,0,0,2020-08-22
Unassigned,3.0,0.0,1,0,2020-08-23
Unassigned,4.0,0.0,1,0,2020-08-24
Unassigned,1.0,0.0,-3,0,2020-08-25
Unassigned,1.0,0.0,0,0,2020-08-26
Unassigned,2.0,0.0,1,0,2020-08-27
Unassigned,2.0,0.0,0,0,2020-08-28
Unassigned,1.0,0.0,-1,0,2020-08-29
Unassigned,1.0,0.0,0,0,2020-08-30
Unassigned,2.0,0.0,1,0,2020-08-31
Unassigned,1.0,0.0,-1,0,2020-09-01
Unassigned,1.0,0.0,0,0,2020-09-02
Unassigned,1.0,0.0,0,0,2020-09-03
Unassigned,1.0,0.0,0,0,2020-09-04
Unassigned,1.0,0.0,0,0,2020-09-05
Unassigned,1.0,0.0,0,0,2020-09-06
Unassigned,2.0,0.0,1,0,2020-09-07
Unassigned,2.0,0.0,0,0,2020-09-08
Unassigned,1.0,0.0,-1,0,2020-09-09
Unassigned,7.0,0.0,6,0,2020-09-10
Unassigned,2.0,0.0,-5,0,2020-09-11
Unassigned,1.0,0.0,-1,0,2020-09-12
Unassigned,8.0,0.0,7,0,2020-09-13
Unassigned,7.0,0.0,-1,0,2020-09-14
Unassigned,1.0,0.0,-6,0,2020-09-15
Unassigned,1.0,0.0,0,0,2020-09-16
Unassigned,2.0,0.0,1,0,2020-09-17
Unassigned,1.0,0.0,-1,0,2020-09-18
Unassigned,5.0,0.0,4,0,2020-09-19
Unassigned,8.0,0.0,3,0,2020-09-20
Unassigned,9.0,0.0,1,0,2020-09-21
Unassigned,10.0,0.0,1,0,2020-09-22
Unassigned,15.0,0.0,5,0,2020-09-23
Unassigned,13.0,0.0,-2,0,2020-09-24
Unassigned,11.0,0.0,-2,0,2020-09-25
Unassigned,10.0,0.0,-1,0,2020-09-26
Unassigned,10.0,0.0,0,0,2020-09-27
Unassigned,10.0,0.0,0,0,2020-09-28
Unassigned,11.0,0.0,1,0,2020-09-29
Unassigned,7.0,0.0,-4,0,2020-09-30
Unassigned,3.0,0.0,-4,0,2020-10-01
Unassigned,5.0,0.0,2,0,2020-10-02
Unassigned,3.0,0.0,-2,0,2020-10-03
Unassigned,3.0,0.0,0,0,2020-10-04
Unassigned,3.0,0.0,0,0,2020-10-05
Unassigned,23.0,0.0,20,0,2020-10-06
Unassigned,3.0,0.0,-20,0,2020-10-07
Unassigned,5.0,0.0,2,0,2020-10-08
Unassigned,5.0,0.0,0,0,2020-10-09
Unassigned,9.0,0.0,4,0,2020-10-10
Unassigned,9.0,0.0,0,0,2020-10-11
Unassigned,9.0,0.0,0,0,2020-10-12
Unassigned,2.0,0.0,-7,0,2020-10-13
Unassigned,1.0,0.0,-1,0,2020-10-14
Unassigned,2.0,0.0,1,0,2020-10-15
Unassigned,3.0,0.0,1,0,2020-10-16
Unassigned,5.0,0.0,2,0,2020-10-17
Unassigned,5.0,0.0,0,0,2020-10-18
Unassigned,5.0,0.0,0,0,2020-10-19
Unassigned,7.0,0.0,2,0,2020-10-20
Unassigned,5.0,0.0,-2,0,2020-10-21
Unassigned,1.0,0.0,-4,0,2020-10-22
Unassigned,1.0,0.0,0,0,2020-10-23
Unassigned,3.0,0.0,2,0,2020-10-24
Unassigned,2.0,0.0,-1,0,2020-10-25
Unassigned,3.0,0.0,1,0,2020-10-26
Unassigned,2.0,0.0,-1,0,2020-10-27
Unassigned,2.0,0.0,0,0,2020-10-28
Unassigned,2.0,0.0,0,0,2020-10-29
Unassigned,2.0,0.0,0,0,2020-10-30
Unassigned,4.0,0.0,2,0,2020-10-31
Unassigned,4.0,0.0,0,0,2020-11-01
Unassigned,3.0,0.0,-1,0,2020-11-02
Unassigned,5.0,0.0,2,0,2020-11-03
Unassigned,8.0,0.0,3,0,2020-11-04
Unassigned,3.0,0.0,-5,0,2020-11-05
Unassigned,5.0,0.0,2,0,2020-11-06
Unassigned,6.0,0.0,1,0,2020-11-07
Unassigned,4.0,0.0,-2,0,2020-11-08
Unassigned,4.0,0.0,0,0,2020-11-09
Unassigned,3.0,0.0,-1,0,2020-11-10
Unassigned,6.0,0.0,3,0,2020-11-11
Unassigned,5.0,0.0,-1,0,2020-11-12
Unassigned,6.0,0.0,1,0,2020-11-13
Unassigned,5.0,0.0,-1,0,2020-11-14
Unassigned,7.0,0.0,2,0,2020-11-15
Unassigned,8.0,0.0,1,0,2020-11-16
Unassigned,8.0,0.0,0,0,2020-11-17
Unassigned,6.0,0.0,-2,0,2020-11-18
Unassigned,6.0,0.0,0,0,2020-11-19
Unassigned,6.0,0.0,0,0,2020-11-20
Unassigned,6.0,0.0,0,0,2020-11-21
Unassigned,7.0,0.0,1,0,2020-11-22
Unassigned,7.0,0.0,0,0,2020-11-23
Unassigned,8.0,0.0,1,0,2020-11-24
Unassigned,7.0,0.0,-1,0,2020-11-25
Unassigned,7.0,0.0,0,0,2020-11-26
Unassigned,8.0,0.0,1,0,2020-11-27
Unassigned,8.0,0.0,0,0,2020-11-28
Unassigned,9.0,0.0,1,0,2020-11-29
Unassigned,9.0,0.0,0,0,2020-11-30
Unassigned,9.0,0.0,0,0,2020-12-01
Unassigned,11.0,0.0,2,0,2020-12-02
Unassigned,10.0,0.0,-1,0,2020-12-03
Unassigned,8.0,0.0,-2,0,2020-12-04
Unassigned,9.0,0.0,1,0,2020-12-05
Unassigned,8.0,0.0,-1,0,2020-12-06
Unassigned,8.0,0.0,0,0,2020-12-07
Unassigned,8.0,0.0,0,0,2020-12-08
Unassigned,11.0,0.0,3,0,2020-12-09
Unassigned,8.0,0.0,-3,0,2020-12-10
Unassigned,5.0,0.0,-3,0,2020-12-11
Unassigned,7.0,0.0,2,0,2020-12-12
Unassigned,7.0,0.0,0,0,2020-12-13
Unassigned,293.0,0.0,286,0,2020-12-14
Contra Costa,44.0,0.0,44,0,2020-03-18
Contra Costa,46.0,0.0,2,0,2020-03-19
Contra Costa,52.0,1.0,6,1,2020-03-20
Contra Costa,62.0,1.0,10,0,2020-03-21
Contra Costa,79.0,1.0,17,0,2020-03-22
Contra Costa,91.0,2.0,12,1,2020-03-23
Contra Costa,108.0,1.0,17,-1,2020-03-24
Contra Costa,131.0,1.0,23,0,2020-03-25
Contra Costa,147.0,2.0,16,1,2020-03-26
Contra Costa,161.0,2.0,14,0,2020-03-27
Contra Costa,175.0,2.0,14,0,2020-03-28
Contra Costa,187.0,3.0,12,1,2020-03-29
Contra Costa,212.0,3.0,25,0,2020-03-30
Contra Costa,246.0,3.0,34,0,2020-03-31
Contra Costa,267.0,3.0,21,0,2020-04-01
Contra Costa,297.0,3.0,30,0,2020-04-02
Contra Costa,327.0,5.0,30,2,2020-04-03
Contra Costa,382.0,5.0,55,0,2020-04-04
Contra Costa,415.0,6.0,33,1,2020-04-05
Contra Costa,447.0,7.0,32,1,2020-04-06
Contra Costa,471.0,7.0,24,0,2020-04-07
Contra Costa,481.0,7.0,10,0,2020-04-08
Contra Costa,505.0,7.0,24,0,2020-04-09
Contra Costa,537.0,9.0,32,2,2020-04-10
Contra Costa,550.0,12.0,13,3,2020-04-11
Contra Costa,553.0,12.0,3,0,2020-04-12
Contra Costa,581.0,13.0,28,1,2020-04-13
Contra Costa,617.0,13.0,36,0,2020-04-14
Contra Costa,645.0,14.0,28,1,2020-04-15
Contra Costa,675.0,16.0,30,2,2020-04-16
Contra Costa,687.0,19.0,12,3,2020-04-17
Contra Costa,721.0,19.0,34,0,2020-04-18
Contra Costa,731.0,20.0,10,1,2020-04-19
Contra Costa,753.0,22.0,22,2,2020-04-20
Contra Costa,766.0,22.0,13,0,2020-04-21
Contra Costa,772.0,22.0,6,0,2020-04-22
Contra Costa,786.0,23.0,14,1,2020-04-23
Contra Costa,806.0,23.0,20,0,2020-04-24
Contra Costa,821.0,25.0,15,2,2020-04-25
Contra Costa,830.0,25.0,9,0,2020-04-26
Contra Costa,843.0,25.0,13,0,2020-04-27
Contra Costa,866.0,25.0,23,0,2020-04-28
Contra Costa,885.0,25.0,19,0,2020-04-29
Contra Costa,900.0,27.0,15,2,2020-04-30
Contra Costa,915.0,28.0,15,1,2020-05-01
Contra Costa,929.0,28.0,14,0,2020-05-02
Contra Costa,945.0,28.0,16,0,2020-05-03
Contra Costa,949.0,28.0,4,0,2020-05-04
Contra Costa,976.0,29.0,27,1,2020-05-05
Contra Costa,990.0,29.0,14,0,2020-05-06
Contra Costa,1005.0,29.0,15,0,2020-05-07
Contra Costa,1024.0,29.0,19,0,2020-05-08
Contra Costa,1039.0,32.0,15,3,2020-05-09
Contra Costa,1046.0,31.0,7,-1,2020-05-10
Contra Costa,1052.0,32.0,6,1,2020-05-11
Contra Costa,1067.0,32.0,15,0,2020-05-12
Contra Costa,1082.0,33.0,15,1,2020-05-13
Contra Costa,1090.0,33.0,8,0,2020-05-14
Contra Costa,1106.0,33.0,16,0,2020-05-15
Contra Costa,1136.0,33.0,30,0,2020-05-16
Contra Costa,1155.0,33.0,19,0,2020-05-17
Contra Costa,1173.0,33.0,18,0,2020-05-18
Contra Costa,1205.0,33.0,32,0,2020-05-19
Contra Costa,1223.0,33.0,18,0,2020-05-20
Contra Costa,1243.0,36.0,20,3,2020-05-21
Contra Costa,1272.0,36.0,29,0,2020-05-22
Contra Costa,1302.0,36.0,30,0,2020-05-23
Contra Costa,1325.0,36.0,23,0,2020-05-24
Contra Costa,1348.0,37.0,23,1,2020-05-25
Contra Costa,1352.0,37.0,4,0,2020-05-26
Contra Costa,1373.0,37.0,21,0,2020-05-27
Contra Costa,1392.0,37.0,19,0,2020-05-28
Contra Costa,1411.0,37.0,19,0,2020-05-29
Contra Costa,1429.0,37.0,18,0,2020-05-30
Contra Costa,1458.0,37.0,29,0,2020-05-31
Contra Costa,1486.0,38.0,28,1,2020-06-01
Contra Costa,1505.0,38.0,19,0,2020-06-02
Contra Costa,1511.0,38.0,6,0,2020-06-03
Contra Costa,1551.0,38.0,40,0,2020-06-04
Contra Costa,1575.0,38.0,24,0,2020-06-05
Contra Costa,1619.0,38.0,44,0,2020-06-06
Contra Costa,1653.0,39.0,34,1,2020-06-07
Contra Costa,1714.0,40.0,61,1,2020-06-08
Contra Costa,1744.0,43.0,30,3,2020-06-09
Contra Costa,1778.0,43.0,34,0,2020-06-10
Contra Costa,1797.0,44.0,19,1,2020-06-11
Contra Costa,1827.0,44.0,30,0,2020-06-12
Contra Costa,1868.0,44.0,41,0,2020-06-13
Contra Costa,1893.0,44.0,25,0,2020-06-14
Contra Costa,1918.0,44.0,25,0,2020-06-15
Contra Costa,1971.0,49.0,53,5,2020-06-16
Contra Costa,2020.0,50.0,49,1,2020-06-17
Contra Costa,2072.0,55.0,52,5,2020-06-18
Contra Costa,2106.0,56.0,34,1,2020-06-19
Contra Costa,2231.0,56.0,125,0,2020-06-20
Contra Costa,2282.0,62.0,51,6,2020-06-21
Contra Costa,2363.0,62.0,81,0,2020-06-22
Contra Costa,2453.0,62.0,90,0,2020-06-23
Contra Costa,2520.0,67.0,67,5,2020-06-24
Contra Costa,2600.0,72.0,80,5,2020-06-25
Contra Costa,2690.0,73.0,90,1,2020-06-26
Contra Costa,2743.0,73.0,53,0,2020-06-27
Contra Costa,2868.0,74.0,125,1,2020-06-28
Contra Costa,3115.0,76.0,247,2,2020-06-29
Contra Costa,3217.0,76.0,102,0,2020-06-30
Contra Costa,3258.0,77.0,41,1,2020-07-01
Contra Costa,3347.0,78.0,89,1,2020-07-02
Contra Costa,3447.0,79.0,100,1,2020-07-03
Contra Costa,3583.0,81.0,136,2,2020-07-04
Contra Costa,3665.0,81.0,82,0,2020-07-05
Contra Costa,3901.0,85.0,236,4,2020-07-06
Contra Costa,4131.0,86.0,230,1,2020-07-07
Contra Costa,4268.0,86.0,137,0,2020-07-08
Contra Costa,4388.0,88.0,120,2,2020-07-09
Contra Costa,4482.0,88.0,94,0,2020-07-10
Contra Costa,4650.0,89.0,168,1,2020-07-11
Contra Costa,4708.0,90.0,58,1,2020-07-12
Contra Costa,4882.0,90.0,174,0,2020-07-13
Contra Costa,5110.0,92.0,228,2,2020-07-14
Contra Costa,5246.0,92.0,136,0,2020-07-15
Contra Costa,5338.0,93.0,92,1,2020-07-16
Contra Costa,5483.0,96.0,145,3,2020-07-17
Contra Costa,5617.0,98.0,134,2,2020-07-18
Contra Costa,5691.0,98.0,74,0,2020-07-19
Contra Costa,5823.0,99.0,132,1,2020-07-20
Contra Costa,6210.0,102.0,387,3,2020-07-21
Contra Costa,6401.0,102.0,191,0,2020-07-22
Contra Costa,6619.0,102.0,218,0,2020-07-23
Contra Costa,6814.0,103.0,195,1,2020-07-24
Contra Costa,6920.0,104.0,106,1,2020-07-25
Contra Costa,7095.0,104.0,175,0,2020-07-26
Contra Costa,7256.0,104.0,161,0,2020-07-27
Contra Costa,7426.0,108.0,170,4,2020-07-28
Contra Costa,7520.0,109.0,94,1,2020-07-29
Contra Costa,7615.0,116.0,95,7,2020-07-30
Contra Costa,7697.0,119.0,82,3,2020-07-31
Contra Costa,7867.0,121.0,170,2,2020-08-01
Contra Costa,7995.0,125.0,128,4,2020-08-02
Contra Costa,8069.0,127.0,74,2,2020-08-03
Contra Costa,8210.0,131.0,141,4,2020-08-04
Contra Costa,8362.0,131.0,152,0,2020-08-05
Contra Costa,8583.0,134.0,221,3,2020-08-06
Contra Costa,8810.0,136.0,227,2,2020-08-07
Contra Costa,9104.0,138.0,294,2,2020-08-08
Contra Costa,9214.0,139.0,110,1,2020-08-09
Contra Costa,9454.0,139.0,240,0,2020-08-10
Contra Costa,10012.0,146.0,558,7,2020-08-11
Contra Costa,10304.0,149.0,292,3,2020-08-12
Contra Costa,10545.0,151.0,241,2,2020-08-13
Contra Costa,10893.0,152.0,348,1,2020-08-14
Contra Costa,11106.0,156.0,213,4,2020-08-15
Contra Costa,11255.0,157.0,149,1,2020-08-16
Contra Costa,11442.0,157.0,187,0,2020-08-17
Contra Costa,11689.0,157.0,247,0,2020-08-18
Contra Costa,11895.0,158.0,206,1,2020-08-19
Contra Costa,12108.0,161.0,213,3,2020-08-20
Contra Costa,12333.0,164.0,225,3,2020-08-21
Contra Costa,12522.0,168.0,189,4,2020-08-22
Contra Costa,12642.0,169.0,120,1,2020-08-23
Contra Costa,12906.0,169.0,264,0,2020-08-24
Contra Costa,13181.0,171.0,275,2,2020-08-25
Contra Costa,13248.0,172.0,67,1,2020-08-26
Contra Costa,13379.0,173.0,131,1,2020-08-27
Contra Costa,13522.0,173.0,143,0,2020-08-28
Contra Costa,13663.0,173.0,141,0,2020-08-29
Contra Costa,13780.0,175.0,117,2,2020-08-30
Contra Costa,13902.0,175.0,122,0,2020-08-31
Contra Costa,13998.0,179.0,96,4,2020-09-01
Contra Costa,14097.0,183.0,99,4,2020-09-02
Contra Costa,14206.0,183.0,109,0,2020-09-03
Contra Costa,14355.0,186.0,149,3,2020-09-04
Contra Costa,14456.0,186.0,101,0,2020-09-05
Contra Costa,14565.0,186.0,109,0,2020-09-06
Contra Costa,14637.0,187.0,72,1,2020-09-07
Contra Costa,14740.0,187.0,103,0,2020-09-08
Contra Costa,14816.0,187.0,76,0,2020-09-09
Contra Costa,14909.0,188.0,93,1,2020-09-10
Contra Costa,15001.0,189.0,92,1,2020-09-11
Contra Costa,15135.0,191.0,134,2,2020-09-12
Contra Costa,15284.0,192.0,149,1,2020-09-13
Contra Costa,15354.0,192.0,70,0,2020-09-14
Contra Costa,15423.0,194.0,69,2,2020-09-15
Contra Costa,15473.0,197.0,50,3,2020-09-16
Contra Costa,15576.0,198.0,103,1,2020-09-17
Contra Costa,15667.0,199.0,91,1,2020-09-18
Contra Costa,15783.0,199.0,116,0,2020-09-19
Contra Costa,15917.0,201.0,134,2,2020-09-20
Contra Costa,16008.0,201.0,91,0,2020-09-21
Contra Costa,16090.0,202.0,82,1,2020-09-22
Contra Costa,16167.0,204.0,77,2,2020-09-23
Contra Costa,16252.0,204.0,85,0,2020-09-24
Contra Costa,16401.0,205.0,149,1,2020-09-25
Contra Costa,16508.0,205.0,107,0,2020-09-26
Contra Costa,16596.0,206.0,88,1,2020-09-27
Contra Costa,16653.0,206.0,57,0,2020-09-28
Contra Costa,16716.0,207.0,63,1,2020-09-29
Contra Costa,16819.0,209.0,103,2,2020-09-30
Contra Costa,16898.0,209.0,79,0,2020-10-01
Contra Costa,17002.0,211.0,104,2,2020-10-02
Contra Costa,17087.0,211.0,85,0,2020-10-03
Contra Costa,17192.0,212.0,105,1,2020-10-04
Contra Costa,17250.0,213.0,58,1,2020-10-05
Contra Costa,17295.0,218.0,45,5,2020-10-06
Contra Costa,17346.0,224.0,51,6,2020-10-07
Contra Costa,17418.0,227.0,72,3,2020-10-08
Contra Costa,17487.0,228.0,69,1,2020-10-09
Contra Costa,17566.0,230.0,79,2,2020-10-10
Contra Costa,17678.0,230.0,112,0,2020-10-11
Contra Costa,17728.0,230.0,50,0,2020-10-12
Contra Costa,17783.0,231.0,55,1,2020-10-13
Contra Costa,17820.0,233.0,37,2,2020-10-14
Contra Costa,17893.0,234.0,73,1,2020-10-15
Contra Costa,17956.0,234.0,63,0,2020-10-16
Contra Costa,18005.0,234.0,49,0,2020-10-17
Contra Costa,18120.0,234.0,115,0,2020-10-18
Contra Costa,18173.0,236.0,53,2,2020-10-19
Contra Costa,18246.0,238.0,73,2,2020-10-20
Contra Costa,18299.0,240.0,53,2,2020-10-21
Contra Costa,18393.0,240.0,94,0,2020-10-22
Contra Costa,18483.0,241.0,90,1,2020-10-23
Contra Costa,18567.0,241.0,84,0,2020-10-24
Contra Costa,18640.0,242.0,73,1,2020-10-25
Contra Costa,18718.0,242.0,78,0,2020-10-26
Contra Costa,18766.0,243.0,48,1,2020-10-27
Contra Costa,18828.0,243.0,62,0,2020-10-28
Contra Costa,18933.0,246.0,105,3,2020-10-29
Contra Costa,19074.0,246.0,141,0,2020-10-30
Contra Costa,19161.0,246.0,87,0,2020-10-31
Contra Costa,19246.0,247.0,85,1,2020-11-01
Contra Costa,19339.0,247.0,93,0,2020-11-02
Contra Costa,19416.0,247.0,77,0,2020-11-03
Contra Costa,19472.0,248.0,56,1,2020-11-04
Contra Costa,19656.0,250.0,184,2,2020-11-05
Contra Costa,19744.0,250.0,88,0,2020-11-06
Contra Costa,19899.0,251.0,155,1,2020-11-07
Contra Costa,20031.0,253.0,132,2,2020-11-08
Contra Costa,20193.0,253.0,162,0,2020-11-09
Contra Costa,20326.0,253.0,133,0,2020-11-10
Contra Costa,20452.0,253.0,126,0,2020-11-11
Contra Costa,20619.0,252.0,167,-1,2020-11-12
Contra Costa,20799.0,253.0,180,1,2020-11-13
Contra Costa,20975.0,253.0,176,0,2020-11-14
Contra Costa,21179.0,253.0,204,0,2020-11-15
Contra Costa,21386.0,253.0,207,0,2020-11-16
Contra Costa,21557.0,253.0,171,0,2020-11-17
Contra Costa,21685.0,255.0,128,2,2020-11-18
Contra Costa,21886.0,256.0,201,1,2020-11-19
Contra Costa,22116.0,257.0,230,1,2020-11-20
Contra Costa,22338.0,258.0,222,1,2020-11-21
Contra Costa,22407.0,258.0,69,0,2020-11-22
Contra Costa,22674.0,258.0,267,0,2020-11-23
Contra Costa,23072.0,258.0,398,0,2020-11-24
Contra Costa,23307.0,260.0,235,2,2020-11-25
Contra Costa,23468.0,261.0,161,1,2020-11-26
Contra Costa,23463.0,261.0,-5,0,2020-11-27
Contra Costa,23798.0,261.0,335,0,2020-11-28
Contra Costa,24165.0,261.0,367,0,2020-11-29
Contra Costa,24365.0,261.0,200,0,2020-11-30
Contra Costa,24788.0,261.0,423,0,2020-12-01
Contra Costa,25147.0,261.0,359,0,2020-12-02
Contra Costa,25464.0,262.0,317,1,2020-12-03
Contra Costa,25705.0,262.0,241,0,2020-12-04
Contra Costa,26217.0,267.0,512,5,2020-12-05
Contra Costa,26566.0,267.0,349,0,2020-12-06
Contra Costa,27307.0,267.0,741,0,2020-12-07
Contra Costa,27926.0,267.0,619,0,2020-12-08
Contra Costa,28308.0,270.0,382,3,2020-12-09
Contra Costa,28413.0,273.0,105,3,2020-12-10
Contra Costa,29036.0,279.0,623,6,2020-12-11
Contra Costa,29506.0,279.0,470,0,2020-12-12
Contra Costa,29667.0,279.0,161,0,2020-12-13
Contra Costa,30594.0,279.0,927,0,2020-12-14
Del Norte,0.0,0.0,0,0,2020-03-18
Del Norte,0.0,0.0,0,0,2020-03-19
Del Norte,0.0,0.0,0,0,2020-03-20
Del Norte,0.0,0.0,0,0,2020-03-21
Del Norte,0.0,0.0,0,0,2020-03-22
Del Norte,0.0,0.0,0,0,2020-03-23
Del Norte,0.0,0.0,0,0,2020-03-24
Del Norte,0.0,0.0,0,0,2020-03-25
Del Norte,0.0,0.0,0,0,2020-03-26
Del Norte,0.0,0.0,0,0,2020-03-27
Del Norte,0.0,0.0,0,0,2020-03-28
Del Norte,0.0,0.0,0,0,2020-03-29
Del Norte,0.0,0.0,0,0,2020-03-30
Del Norte,0.0,0.0,0,0,2020-03-31
Del Norte,0.0,0.0,0,0,2020-04-01
Del Norte,0.0,0.0,0,0,2020-04-02
Del Norte,1.0,0.0,1,0,2020-04-03
Del Norte,1.0,0.0,0,0,2020-04-04
Del Norte,1.0,0.0,0,0,2020-04-05
Del Norte,2.0,0.0,1,0,2020-04-06
Del Norte,2.0,0.0,0,0,2020-04-07
Del Norte,2.0,0.0,0,0,2020-04-08
Del Norte,2.0,0.0,0,0,2020-04-09
Del Norte,2.0,0.0,0,0,2020-04-10
Del Norte,2.0,0.0,0,0,2020-04-11
Del Norte,2.0,0.0,0,0,2020-04-12
Del Norte,2.0,0.0,0,0,2020-04-13
Del Norte,2.0,0.0,0,0,2020-04-14
Del Norte,2.0,0.0,0,0,2020-04-15
Del Norte,2.0,0.0,0,0,2020-04-16
Del Norte,2.0,0.0,0,0,2020-04-17
Del Norte,2.0,0.0,0,0,2020-04-18
Del Norte,2.0,0.0,0,0,2020-04-19
Del Norte,2.0,0.0,0,0,2020-04-20
Del Norte,2.0,0.0,0,0,2020-04-21
Del Norte,2.0,0.0,0,0,2020-04-22
Del Norte,2.0,0.0,0,0,2020-04-23
Del Norte,2.0,0.0,0,0,2020-04-24
Del Norte,2.0,0.0,0,0,2020-04-25
Del Norte,3.0,0.0,1,0,2020-04-26
Del Norte,3.0,0.0,0,0,2020-04-27
Del Norte,3.0,0.0,0,0,2020-04-28
Del Norte,3.0,0.0,0,0,2020-04-29
Del Norte,3.0,0.0,0,0,2020-04-30
Del Norte,3.0,0.0,0,0,2020-05-01
Del Norte,3.0,0.0,0,0,2020-05-02
Del Norte,3.0,0.0,0,0,2020-05-03
Del Norte,3.0,0.0,0,0,2020-05-04
Del Norte,3.0,0.0,0,0,2020-05-05
Del Norte,3.0,0.0,0,0,2020-05-06
Del Norte,3.0,0.0,0,0,2020-05-07
Del Norte,3.0,0.0,0,0,2020-05-08
Del Norte,3.0,0.0,0,0,2020-05-09
Del Norte,3.0,0.0,0,0,2020-05-10
Del Norte,3.0,0.0,0,0,2020-05-11
Del Norte,3.0,0.0,0,0,2020-05-12
Del Norte,4.0,0.0,1,0,2020-05-13
Del Norte,4.0,0.0,0,0,2020-05-14
Del Norte,4.0,0.0,0,0,2020-05-15
Del Norte,4.0,0.0,0,0,2020-05-16
Del Norte,7.0,0.0,3,0,2020-05-17
Del Norte,8.0,0.0,1,0,2020-05-18
Del Norte,8.0,0.0,0,0,2020-05-19
Del Norte,9.0,0.0,1,0,2020-05-20
Del Norte,9.0,0.0,0,0,2020-05-21
Del Norte,9.0,0.0,0,0,2020-05-22
Del Norte,10.0,0.0,1,0,2020-05-23
Del Norte,16.0,0.0,6,0,2020-05-24
Del Norte,20.0,0.0,4,0,2020-05-25
Del Norte,30.0,0.0,10,0,2020-05-26
Del Norte,34.0,0.0,4,0,2020-05-27
Del Norte,37.0,0.0,3,0,2020-05-28
Del Norte,37.0,0.0,0,0,2020-05-29
Del Norte,37.0,0.0,0,0,2020-05-30
Del Norte,37.0,0.0,0,0,2020-05-31
Del Norte,38.0,0.0,1,0,2020-06-01
Del Norte,39.0,0.0,1,0,2020-06-02
Del Norte,39.0,0.0,0,0,2020-06-03
Del Norte,45.0,0.0,6,0,2020-06-04
Del Norte,45.0,0.0,0,0,2020-06-05
Del Norte,45.0,0.0,0,0,2020-06-06
Del Norte,45.0,0.0,0,0,2020-06-07
Del Norte,45.0,0.0,0,0,2020-06-08
Del Norte,45.0,0.0,0,0,2020-06-09
Del Norte,45.0,0.0,0,0,2020-06-10
Del Norte,45.0,0.0,0,0,2020-06-11
Del Norte,45.0,0.0,0,0,2020-06-12
Del Norte,45.0,0.0,0,0,2020-06-13
Del Norte,45.0,0.0,0,0,2020-06-14
Del Norte,45.0,0.0,0,0,2020-06-15
Del Norte,45.0,0.0,0,0,2020-06-16
Del Norte,45.0,0.0,0,0,2020-06-17
Del Norte,46.0,0.0,1,0,2020-06-18
Del Norte,46.0,0.0,0,0,2020-06-19
Del Norte,46.0,0.0,0,0,2020-06-20
Del Norte,46.0,0.0,0,0,2020-06-21
Del Norte,46.0,0.0,0,0,2020-06-22
Del Norte,46.0,0.0,0,0,2020-06-23
Del Norte,47.0,0.0,1,0,2020-06-24
Del Norte,47.0,0.0,0,0,2020-06-25
Del Norte,47.0,0.0,0,0,2020-06-26
Del Norte,47.0,0.0,0,0,2020-06-27
Del Norte,47.0,0.0,0,0,2020-06-28
Del Norte,47.0,0.0,0,0,2020-06-29
Del Norte,49.0,0.0,2,0,2020-06-30
Del Norte,50.0,0.0,1,0,2020-07-01
Del Norte,50.0,0.0,0,0,2020-07-02
Del Norte,50.0,0.0,0,0,2020-07-03
Del Norte,50.0,0.0,0,0,2020-07-04
Del Norte,57.0,0.0,7,0,2020-07-05
Del Norte,57.0,0.0,0,0,2020-07-06
Del Norte,57.0,0.0,0,0,2020-07-07
Del Norte,57.0,0.0,0,0,2020-07-08
Del Norte,57.0,0.0,0,0,2020-07-09
Del Norte,57.0,0.0,0,0,2020-07-10
Del Norte,59.0,0.0,2,0,2020-07-11
Del Norte,59.0,0.0,0,0,2020-07-12
Del Norte,59.0,0.0,0,0,2020-07-13
Del Norte,60.0,0.0,1,0,2020-07-14
Del Norte,60.0,0.0,0,0,2020-07-15
Del Norte,60.0,0.0,0,0,2020-07-16
Del Norte,60.0,0.0,0,0,2020-07-17
Del Norte,61.0,0.0,1,0,2020-07-18
Del Norte,61.0,0.0,0,0,2020-07-19
Del Norte,61.0,0.0,0,0,2020-07-20
Del Norte,66.0,0.0,5,0,2020-07-21
Del Norte,66.0,0.0,0,0,2020-07-22
Del Norte,66.0,0.0,0,0,2020-07-23
Del Norte,66.0,0.0,0,0,2020-07-24
Del Norte,67.0,0.0,1,0,2020-07-25
Del Norte,67.0,0.0,0,0,2020-07-26
Del Norte,67.0,0.0,0,0,2020-07-27
Del Norte,68.0,0.0,1,0,2020-07-28
Del Norte,68.0,0.0,0,0,2020-07-29
Del Norte,68.0,0.0,0,0,2020-07-30
Del Norte,68.0,0.0,0,0,2020-07-31
Del Norte,68.0,0.0,0,0,2020-08-01
Del Norte,68.0,0.0,0,0,2020-08-02
Del Norte,68.0,0.0,0,0,2020-08-03
Del Norte,69.0,0.0,1,0,2020-08-04
Del Norte,69.0,0.0,0,0,2020-08-05
Del Norte,69.0,0.0,0,0,2020-08-06
Del Norte,69.0,0.0,0,0,2020-08-07
Del Norte,69.0,0.0,0,0,2020-08-08
Del Norte,69.0,0.0,0,0,2020-08-09
Del Norte,69.0,0.0,0,0,2020-08-10
Del Norte,73.0,0.0,4,0,2020-08-11
Del Norte,74.0,0.0,1,0,2020-08-12
Del Norte,74.0,0.0,0,0,2020-08-13
Del Norte,76.0,0.0,2,0,2020-08-14
Del Norte,77.0,0.0,1,0,2020-08-15
Del Norte,77.0,0.0,0,0,2020-08-16
Del Norte,77.0,1.0,0,1,2020-08-17
Del Norte,78.0,1.0,1,0,2020-08-18
Del Norte,78.0,1.0,0,0,2020-08-19
Del Norte,78.0,1.0,0,0,2020-08-20
Del Norte,78.0,1.0,0,0,2020-08-21
Del Norte,80.0,1.0,2,0,2020-08-22
Del Norte,80.0,1.0,0,0,2020-08-23
Del Norte,80.0,1.0,0,0,2020-08-24
Del Norte,83.0,1.0,3,0,2020-08-25
Del Norte,86.0,1.0,3,0,2020-08-26
Del Norte,107.0,1.0,21,0,2020-08-27
Del Norte,107.0,1.0,0,0,2020-08-28
Del Norte,108.0,1.0,1,0,2020-08-29
Del Norte,108.0,1.0,0,0,2020-08-30
Del Norte,108.0,1.0,0,0,2020-08-31
Del Norte,108.0,1.0,0,0,2020-09-01
Del Norte,109.0,1.0,1,0,2020-09-02
Del Norte,109.0,1.0,0,0,2020-09-03
Del Norte,109.0,1.0,0,0,2020-09-04
Del Norte,109.0,1.0,0,0,2020-09-05
Del Norte,109.0,1.0,0,0,2020-09-06
Del Norte,109.0,1.0,0,0,2020-09-07
Del Norte,109.0,1.0,0,0,2020-09-08
Del Norte,109.0,1.0,0,0,2020-09-09
Del Norte,112.0,1.0,3,0,2020-09-10
Del Norte,115.0,1.0,3,0,2020-09-11
Del Norte,116.0,1.0,1,0,2020-09-12
Del Norte,116.0,1.0,0,0,2020-09-13
Del Norte,116.0,1.0,0,0,2020-09-14
Del Norte,129.0,1.0,13,0,2020-09-15
Del Norte,131.0,1.0,2,0,2020-09-16
Del Norte,131.0,1.0,0,0,2020-09-17
Del Norte,131.0,1.0,0,0,2020-09-18
Del Norte,132.0,1.0,1,0,2020-09-19
Del Norte,132.0,1.0,0,0,2020-09-20
Del Norte,132.0,1.0,0,0,2020-09-21
Del Norte,137.0,1.0,5,0,2020-09-22
Del Norte,137.0,1.0,0,0,2020-09-23
Del Norte,137.0,1.0,0,0,2020-09-24
Del Norte,138.0,1.0,1,0,2020-09-25
Del Norte,138.0,1.0,0,0,2020-09-26
Del Norte,138.0,1.0,0,0,2020-09-27
Del Norte,138.0,1.0,0,0,2020-09-28
Del Norte,142.0,1.0,4,0,2020-09-29
Del Norte,140.0,1.0,-2,0,2020-09-30
Del Norte,140.0,1.0,0,0,2020-10-01
Del Norte,141.0,1.0,1,0,2020-10-02
Del Norte,142.0,1.0,1,0,2020-10-03
Del Norte,142.0,1.0,0,0,2020-10-04
Del Norte,142.0,1.0,0,0,2020-10-05
Del Norte,144.0,1.0,2,0,2020-10-06
Del Norte,149.0,1.0,5,0,2020-10-07
Del Norte,151.0,1.0,2,0,2020-10-08
Del Norte,161.0,1.0,10,0,2020-10-09
Del Norte,161.0,1.0,0,0,2020-10-10
Del Norte,161.0,1.0,0,0,2020-10-11
Del Norte,161.0,1.0,0,0,2020-10-12
Del Norte,163.0,1.0,2,0,2020-10-13
Del Norte,163.0,1.0,0,0,2020-10-14
Del Norte,164.0,1.0,1,0,2020-10-15
Del Norte,166.0,1.0,2,0,2020-10-16
Del Norte,167.0,1.0,1,0,2020-10-17
Del Norte,167.0,1.0,0,0,2020-10-18
Del Norte,167.0,1.0,0,0,2020-10-19
Del Norte,169.0,1.0,2,0,2020-10-20
Del Norte,169.0,1.0,0,0,2020-10-21
Del Norte,168.0,1.0,-1,0,2020-10-22
Del Norte,171.0,1.0,3,0,2020-10-23
Del Norte,171.0,1.0,0,0,2020-10-24
Del Norte,171.0,1.0,0,0,2020-10-25
Del Norte,171.0,1.0,0,0,2020-10-26
Del Norte,173.0,1.0,2,0,2020-10-27
Del Norte,173.0,1.0,0,0,2020-10-28
Del Norte,174.0,1.0,1,0,2020-10-29
Del Norte,175.0,1.0,1,0,2020-10-30
Del Norte,175.0,1.0,0,0,2020-10-31
Del Norte,175.0,1.0,0,0,2020-11-01
Del Norte,175.0,1.0,0,0,2020-11-02
Del Norte,187.0,1.0,12,0,2020-11-03
Del Norte,188.0,1.0,1,0,2020-11-04
Del Norte,192.0,1.0,4,0,2020-11-05
Del Norte,194.0,1.0,2,0,2020-11-06
Del Norte,194.0,1.0,0,0,2020-11-07
Del Norte,195.0,1.0,1,0,2020-11-08
Del Norte,195.0,1.0,0,0,2020-11-09
Del Norte,196.0,1.0,1,0,2020-11-10
Del Norte,203.0,1.0,7,0,2020-11-11
Del Norte,203.0,1.0,0,0,2020-11-12
Del Norte,208.0,1.0,5,0,2020-11-13
Del Norte,219.0,1.0,11,0,2020-11-14
Del Norte,224.0,1.0,5,0,2020-11-15
Del Norte,225.0,1.0,1,0,2020-11-16
Del Norte,233.0,1.0,8,0,2020-11-17
Del Norte,240.0,1.0,7,0,2020-11-18
Del Norte,251.0,1.0,11,0,2020-11-19
Del Norte,264.0,1.0,13,0,2020-11-20
Del Norte,271.0,1.0,7,0,2020-11-21
Del Norte,271.0,1.0,0,0,2020-11-22
Del Norte,296.0,1.0,25,0,2020-11-23
Del Norte,298.0,1.0,2,0,2020-11-24
Del Norte,304.0,1.0,6,0,2020-11-25
Del Norte,307.0,1.0,3,0,2020-11-26
Del Norte,307.0,1.0,0,0,2020-11-27
Del Norte,328.0,1.0,21,0,2020-11-28
Del Norte,339.0,1.0,11,0,2020-11-29
Del Norte,339.0,1.0,0,0,2020-11-30
Del Norte,357.0,1.0,18,0,2020-12-01
Del Norte,384.0,1.0,27,0,2020-12-02
Del Norte,388.0,1.0,4,0,2020-12-03
Del Norte,401.0,1.0,13,0,2020-12-04
Del Norte,408.0,1.0,7,0,2020-12-05
Del Norte,414.0,1.0,6,0,2020-12-06
Del Norte,424.0,1.0,10,0,2020-12-07
Del Norte,465.0,1.0,41,0,2020-12-08
Del Norte,481.0,1.0,16,0,2020-12-09
Del Norte,501.0,1.0,20,0,2020-12-10
Del Norte,505.0,1.0,4,0,2020-12-11
Del Norte,529.0,1.0,24,0,2020-12-12
Del Norte,542.0,1.0,13,0,2020-12-13
Del Norte,560.0,2.0,18,1,2020-12-14
San Bernardino,3.0,0.0,3,0,2020-03-18
San Bernardino,7.0,0.0,4,0,2020-03-19
San Bernardino,9.0,0.0,2,0,2020-03-20
San Bernardino,13.0,0.0,4,0,2020-03-21
San Bernardino,16.0,0.0,3,0,2020-03-22
San Bernardino,17.0,0.0,1,0,2020-03-23
San Bernardino,27.0,0.0,10,0,2020-03-24
San Bernardino,46.0,1.0,19,1,2020-03-25
San Bernardino,57.0,1.0,11,0,2020-03-26
San Bernardino,77.0,2.0,20,1,2020-03-27
San Bernardino,81.0,2.0,4,0,2020-03-28
San Bernardino,94.0,2.0,13,0,2020-03-29
San Bernardino,145.0,4.0,51,2,2020-03-30
San Bernardino,193.0,5.0,48,1,2020-03-31
San Bernardino,245.0,5.0,52,0,2020-04-01
San Bernardino,335.0,8.0,90,3,2020-04-02
San Bernardino,356.0,11.0,21,3,2020-04-03
San Bernardino,373.0,13.0,17,2,2020-04-04
San Bernardino,375.0,13.0,2,0,2020-04-05
San Bernardino,550.0,13.0,175,0,2020-04-06
San Bernardino,554.0,18.0,4,5,2020-04-07
San Bernardino,635.0,22.0,81,4,2020-04-08
San Bernardino,717.0,27.0,82,5,2020-04-09
San Bernardino,779.0,24.0,62,-3,2020-04-10
San Bernardino,826.0,28.0,47,4,2020-04-11
San Bernardino,827.0,30.0,1,2,2020-04-12
San Bernardino,925.0,31.0,98,1,2020-04-13
San Bernardino,933.0,31.0,8,0,2020-04-14
San Bernardino,1063.0,37.0,130,6,2020-04-15
San Bernardino,1143.0,39.0,80,2,2020-04-16
San Bernardino,1229.0,55.0,86,16,2020-04-17
San Bernardino,1255.0,57.0,26,2,2020-04-18
San Bernardino,1262.0,58.0,7,1,2020-04-19
San Bernardino,1344.0,60.0,82,2,2020-04-20
San Bernardino,1499.0,67.0,155,7,2020-04-21
San Bernardino,1564.0,72.0,65,5,2020-04-22
San Bernardino,1604.0,77.0,40,5,2020-04-23
San Bernardino,1667.0,80.0,63,3,2020-04-24
San Bernardino,1675.0,82.0,8,2,2020-04-25
San Bernardino,1681.0,82.0,6,0,2020-04-26
San Bernardino,1742.0,82.0,61,0,2020-04-27
San Bernardino,1891.0,85.0,149,3,2020-04-28
San Bernardino,1975.0,91.0,84,6,2020-04-29
San Bernardino,2020.0,96.0,45,5,2020-04-30
San Bernardino,2084.0,98.0,64,2,2020-05-01
San Bernardino,2124.0,99.0,40,1,2020-05-02
San Bernardino,2123.0,99.0,-1,0,2020-05-03
San Bernardino,2184.0,99.0,61,0,2020-05-04
San Bernardino,2345.0,101.0,161,2,2020-05-05
San Bernardino,2426.0,104.0,81,3,2020-05-06
San Bernardino,2522.0,110.0,96,6,2020-05-07
San Bernardino,2631.0,119.0,109,9,2020-05-08
San Bernardino,2825.0,121.0,194,2,2020-05-09
San Bernardino,2910.0,121.0,85,0,2020-05-10
San Bernardino,2945.0,121.0,35,0,2020-05-11
San Bernardino,2997.0,124.0,52,3,2020-05-12
San Bernardino,3064.0,138.0,67,14,2020-05-13
San Bernardino,3149.0,140.0,85,2,2020-05-14
San Bernardino,3225.0,150.0,76,10,2020-05-15
San Bernardino,3362.0,155.0,137,5,2020-05-16
San Bernardino,3467.0,155.0,105,0,2020-05-17
San Bernardino,3558.0,155.0,91,0,2020-05-18
San Bernardino,3656.0,157.0,98,2,2020-05-19
San Bernardino,3771.0,158.0,115,1,2020-05-20
San Bernardino,3950.0,164.0,179,6,2020-05-21
San Bernardino,4107.0,173.0,157,9,2020-05-22
San Bernardino,4172.0,176.0,65,3,2020-05-23
San Bernardino,4262.0,176.0,90,0,2020-05-24
San Bernardino,4393.0,176.0,131,0,2020-05-25
San Bernardino,4430.0,176.0,37,0,2020-05-26
San Bernardino,4708.0,183.0,278,7,2020-05-27
San Bernardino,4831.0,190.0,123,7,2020-05-28
San Bernardino,4983.0,199.0,152,9,2020-05-29
San Bernardino,5122.0,204.0,139,5,2020-05-30
San Bernardino,5185.0,204.0,63,0,2020-05-31
San Bernardino,5310.0,204.0,125,0,2020-06-01
San Bernardino,5438.0,208.0,128,4,2020-06-02
San Bernardino,5565.0,209.0,127,1,2020-06-03
San Bernardino,5726.0,210.0,161,1,2020-06-04
San Bernardino,5869.0,217.0,143,7,2020-06-05
San Bernardino,5946.0,224.0,77,7,2020-06-06
San Bernardino,6033.0,224.0,87,0,2020-06-07
San Bernardino,6122.0,224.0,89,0,2020-06-08
San Bernardino,6268.0,224.0,146,0,2020-06-09
San Bernardino,6438.0,225.0,170,1,2020-06-10
San Bernardino,6509.0,227.0,71,2,2020-06-11
San Bernardino,6707.0,229.0,198,2,2020-06-12
San Bernardino,6885.0,229.0,178,0,2020-06-13
San Bernardino,7015.0,229.0,130,0,2020-06-14
San Bernardino,7189.0,229.0,174,0,2020-06-15
San Bernardino,7463.0,229.0,274,0,2020-06-16
San Bernardino,7670.0,229.0,207,0,2020-06-17
San Bernardino,8141.0,230.0,471,1,2020-06-18
San Bernardino,8454.0,230.0,313,0,2020-06-19
San Bernardino,8718.0,233.0,264,3,2020-06-20
San Bernardino,8925.0,233.0,207,0,2020-06-21
San Bernardino,9133.0,234.0,208,1,2020-06-22
San Bernardino,9771.0,234.0,638,0,2020-06-23
San Bernardino,10211.0,245.0,440,11,2020-06-24
San Bernardino,10617.0,249.0,406,4,2020-06-25
San Bernardino,11162.0,249.0,545,0,2020-06-26
San Bernardino,11576.0,249.0,414,0,2020-06-27
San Bernardino,11608.0,249.0,32,0,2020-06-28
San Bernardino,12191.0,249.0,583,0,2020-06-29
San Bernardino,12593.0,253.0,402,4,2020-06-30
San Bernardino,13036.0,258.0,443,5,2020-07-01
San Bernardino,13185.0,265.0,149,7,2020-07-02
San Bernardino,14040.0,269.0,855,4,2020-07-03
San Bernardino,14636.0,269.0,596,0,2020-07-04
San Bernardino,15026.0,269.0,390,0,2020-07-05
San Bernardino,15346.0,269.0,320,0,2020-07-06
San Bernardino,16004.0,272.0,658,3,2020-07-07
San Bernardino,16510.0,293.0,506,21,2020-07-08
San Bernardino,17339.0,304.0,829,11,2020-07-09
San Bernardino,18242.0,304.0,903,0,2020-07-10
San Bernardino,18907.0,304.0,665,0,2020-07-11
San Bernardino,19042.0,306.0,135,2,2020-07-12
San Bernardino,19610.0,307.0,568,1,2020-07-13
San Bernardino,20489.0,309.0,879,2,2020-07-14
San Bernardino,21508.0,310.0,1019,1,2020-07-15
San Bernardino,22355.0,310.0,847,0,2020-07-16
San Bernardino,23057.0,315.0,702,5,2020-07-17
San Bernardino,23680.0,328.0,623,13,2020-07-18
San Bernardino,23928.0,328.0,248,0,2020-07-19
San Bernardino,24226.0,329.0,298,1,2020-07-20
San Bernardino,25323.0,333.0,1097,4,2020-07-21
San Bernardino,26820.0,337.0,1497,4,2020-07-22
San Bernardino,28121.0,358.0,1301,21,2020-07-23
San Bernardino,28990.0,372.0,869,14,2020-07-24
San Bernardino,29265.0,372.0,275,0,2020-07-25
San Bernardino,29545.0,383.0,280,11,2020-07-26
San Bernardino,29928.0,384.0,383,1,2020-07-27
San Bernardino,30493.0,395.0,565,11,2020-07-28
San Bernardino,31168.0,419.0,675,24,2020-07-29
San Bernardino,32010.0,403.0,842,-16,2020-07-30
San Bernardino,32332.0,409.0,322,6,2020-07-31
San Bernardino,32947.0,417.0,615,8,2020-08-01
San Bernardino,33643.0,417.0,696,0,2020-08-02
San Bernardino,33979.0,418.0,336,1,2020-08-03
San Bernardino,34215.0,477.0,236,59,2020-08-04
San Bernardino,34442.0,487.0,227,10,2020-08-05
San Bernardino,34819.0,490.0,377,3,2020-08-06
San Bernardino,35200.0,497.0,381,7,2020-08-07
San Bernardino,35691.0,502.0,491,5,2020-08-08
San Bernardino,36092.0,546.0,401,44,2020-08-09
San Bernardino,37367.0,546.0,1275,0,2020-08-10
San Bernardino,38467.0,549.0,1100,3,2020-08-11
San Bernardino,38811.0,555.0,344,6,2020-08-12
San Bernardino,39395.0,558.0,584,3,2020-08-13
San Bernardino,40442.0,561.0,1047,3,2020-08-14
San Bernardino,41231.0,568.0,789,7,2020-08-15
San Bernardino,41724.0,568.0,493,0,2020-08-16
San Bernardino,42005.0,568.0,281,0,2020-08-17
San Bernardino,42827.0,616.0,822,48,2020-08-18
San Bernardino,43224.0,621.0,397,5,2020-08-19
San Bernardino,43627.0,625.0,403,4,2020-08-20
San Bernardino,44249.0,629.0,622,4,2020-08-21
San Bernardino,44803.0,691.0,554,62,2020-08-22
San Bernardino,45010.0,691.0,207,0,2020-08-23
San Bernardino,45199.0,692.0,189,1,2020-08-24
San Bernardino,45544.0,695.0,345,3,2020-08-25
San Bernardino,45840.0,709.0,296,14,2020-08-26
San Bernardino,46345.0,715.0,505,6,2020-08-27
San Bernardino,46553.0,716.0,208,1,2020-08-28
San Bernardino,46849.0,716.0,296,0,2020-08-29
San Bernardino,47201.0,716.0,352,0,2020-08-30
San Bernardino,47370.0,716.0,169,0,2020-08-31
San Bernardino,47371.0,736.0,1,20,2020-09-01
San Bernardino,47766.0,743.0,395,7,2020-09-02
San Bernardino,48165.0,744.0,399,1,2020-09-03
San Bernardino,48497.0,744.0,332,0,2020-09-04
San Bernardino,48800.0,765.0,303,21,2020-09-05
San Bernardino,48923.0,765.0,123,0,2020-09-06
San Bernardino,49043.0,765.0,120,0,2020-09-07
San Bernardino,49034.0,765.0,-9,0,2020-09-08
San Bernardino,49264.0,791.0,230,26,2020-09-09
San Bernardino,49467.0,796.0,203,5,2020-09-10
San Bernardino,49682.0,800.0,215,4,2020-09-11
San Bernardino,49945.0,814.0,263,14,2020-09-12
San Bernardino,49968.0,832.0,23,18,2020-09-13
San Bernardino,50163.0,832.0,195,0,2020-09-14
San Bernardino,50333.0,835.0,170,3,2020-09-15
San Bernardino,50509.0,838.0,176,3,2020-09-16
San Bernardino,50770.0,839.0,261,1,2020-09-17
San Bernardino,51106.0,858.0,336,19,2020-09-18
San Bernardino,51353.0,908.0,247,50,2020-09-19
San Bernardino,51559.0,908.0,206,0,2020-09-20
San Bernardino,51654.0,908.0,95,0,2020-09-21
San Bernardino,51899.0,908.0,245,0,2020-09-22
San Bernardino,52132.0,908.0,233,0,2020-09-23
San Bernardino,52455.0,918.0,323,10,2020-09-24
San Bernardino,52814.0,922.0,359,4,2020-09-25
San Bernardino,53122.0,925.0,308,3,2020-09-26
San Bernardino,53127.0,925.0,5,0,2020-09-27
San Bernardino,53501.0,925.0,374,0,2020-09-28
San Bernardino,53753.0,952.0,252,27,2020-09-29
San Bernardino,53988.0,955.0,235,3,2020-09-30
San Bernardino,54350.0,955.0,362,0,2020-10-01
San Bernardino,54613.0,962.0,263,7,2020-10-02
San Bernardino,55004.0,962.0,391,0,2020-10-03
San Bernardino,55100.0,962.0,96,0,2020-10-04
San Bernardino,55100.0,962.0,0,0,2020-10-05
San Bernardino,55416.0,966.0,316,4,2020-10-06
San Bernardino,55738.0,967.0,322,1,2020-10-07
San Bernardino,56152.0,974.0,414,7,2020-10-08
San Bernardino,56434.0,984.0,282,10,2020-10-09
San Bernardino,56683.0,986.0,249,2,2020-10-10
San Bernardino,56997.0,986.0,314,0,2020-10-11
San Bernardino,57235.0,986.0,238,0,2020-10-12
San Bernardino,57411.0,986.0,176,0,2020-10-13
San Bernardino,57774.0,986.0,363,0,2020-10-14
San Bernardino,58068.0,988.0,294,2,2020-10-15
San Bernardino,58233.0,989.0,165,1,2020-10-16
San Bernardino,58415.0,998.0,182,9,2020-10-17
San Bernardino,58893.0,1021.0,478,23,2020-10-18
San Bernardino,59265.0,1021.0,372,0,2020-10-19
San Bernardino,59571.0,1028.0,306,7,2020-10-20
San Bernardino,59948.0,1065.0,377,37,2020-10-21
San Bernardino,60402.0,1070.0,454,5,2020-10-22
San Bernardino,60854.0,1070.0,452,0,2020-10-23
San Bernardino,61351.0,1072.0,497,2,2020-10-24
San Bernardino,61551.0,1072.0,200,0,2020-10-25
San Bernardino,61871.0,1072.0,320,0,2020-10-26
San Bernardino,62357.0,1073.0,486,1,2020-10-27
San Bernardino,62778.0,1073.0,421,0,2020-10-28
San Bernardino,62968.0,1073.0,190,0,2020-10-29
San Bernardino,63512.0,1074.0,544,1,2020-10-30
San Bernardino,64016.0,1078.0,504,4,2020-10-31
San Bernardino,64339.0,1078.0,323,0,2020-11-01
San Bernardino,64629.0,1079.0,290,1,2020-11-02
San Bernardino,65320.0,1079.0,691,0,2020-11-03
San Bernardino,65891.0,1088.0,571,9,2020-11-04
San Bernardino,66407.0,1092.0,516,4,2020-11-05
San Bernardino,66740.0,1092.0,333,0,2020-11-06
San Bernardino,67728.0,1093.0,988,1,2020-11-07
San Bernardino,68412.0,1096.0,684,3,2020-11-08
San Bernardino,69015.0,1096.0,603,0,2020-11-09
San Bernardino,69666.0,1096.0,651,0,2020-11-10
San Bernardino,70374.0,1096.0,708,0,2020-11-11
San Bernardino,70758.0,1096.0,384,0,2020-11-12
San Bernardino,71895.0,1097.0,1137,1,2020-11-13
San Bernardino,72868.0,1097.0,973,0,2020-11-14
San Bernardino,73769.0,1097.0,901,0,2020-11-15
San Bernardino,74401.0,1098.0,632,1,2020-11-16
San Bernardino,76134.0,1098.0,1733,0,2020-11-17
San Bernardino,77400.0,1118.0,1266,20,2020-11-18
San Bernardino,79244.0,1124.0,1844,6,2020-11-19
San Bernardino,81203.0,1125.0,1959,1,2020-11-20
San Bernardino,83206.0,1127.0,2003,2,2020-11-21
San Bernardino,83505.0,1129.0,299,2,2020-11-22
San Bernardino,84387.0,1129.0,882,0,2020-11-23
San Bernardino,86645.0,1129.0,2258,0,2020-11-24
San Bernardino,88469.0,1129.0,1824,0,2020-11-25
San Bernardino,89727.0,1129.0,1258,0,2020-11-26
San Bernardino,90254.0,1129.0,527,0,2020-11-27
San Bernardino,91183.0,1129.0,929,0,2020-11-28
San Bernardino,92052.0,1129.0,869,0,2020-11-29
San Bernardino,92704.0,1129.0,652,0,2020-11-30
San Bernardino,95854.0,1129.0,3150,0,2020-12-01
San Bernardino,98567.0,1136.0,2713,7,2020-12-02
San Bernardino,100787.0,1154.0,2220,18,2020-12-03
San Bernardino,102418.0,1175.0,1631,21,2020-12-04
San Bernardino,105382.0,1175.0,2964,0,2020-12-05
San Bernardino,106927.0,1175.0,1545,0,2020-12-06
San Bernardino,108161.0,1188.0,1234,13,2020-12-07
San Bernardino,110676.0,1188.0,2515,0,2020-12-08
San Bernardino,114516.0,1208.0,3840,20,2020-12-09
San Bernardino,120186.0,1209.0,5670,1,2020-12-10
San Bernardino,123092.0,1209.0,2906,0,2020-12-11
San Bernardino,125741.0,1215.0,2649,6,2020-12-12
San Bernardino,126718.0,1223.0,977,8,2020-12-13
San Bernardino,129151.0,1241.0,2433,18,2020-12-14
Stanislaus,5.0,0.0,5,0,2020-03-18
Stanislaus,7.0,0.0,2,0,2020-03-19
Stanislaus,7.0,0.0,0,0,2020-03-20
Stanislaus,7.0,0.0,0,0,2020-03-21
Stanislaus,8.0,0.0,1,0,2020-03-22
Stanislaus,10.0,0.0,2,0,2020-03-23
Stanislaus,13.0,0.0,3,0,2020-03-24
Stanislaus,14.0,0.0,1,0,2020-03-25
Stanislaus,15.0,0.0,1,0,2020-03-26
Stanislaus,16.0,0.0,1,0,2020-03-27
Stanislaus,17.0,0.0,1,0,2020-03-28
Stanislaus,19.0,0.0,2,0,2020-03-29
Stanislaus,28.0,0.0,9,0,2020-03-30
Stanislaus,28.0,0.0,0,0,2020-03-31
Stanislaus,29.0,0.0,1,0,2020-04-01
Stanislaus,40.0,0.0,11,0,2020-04-02
Stanislaus,48.0,0.0,8,0,2020-04-03
Stanislaus,51.0,0.0,3,0,2020-04-04
Stanislaus,51.0,0.0,0,0,2020-04-05
Stanislaus,72.0,0.0,21,0,2020-04-06
Stanislaus,83.0,0.0,11,0,2020-04-07
Stanislaus,86.0,0.0,3,0,2020-04-08
Stanislaus,93.0,0.0,7,0,2020-04-09
Stanislaus,101.0,0.0,8,0,2020-04-10
Stanislaus,119.0,1.0,18,1,2020-04-11
Stanislaus,117.0,1.0,-2,0,2020-04-12
Stanislaus,132.0,2.0,15,1,2020-04-13
Stanislaus,136.0,4.0,4,2,2020-04-14
Stanislaus,174.0,4.0,38,0,2020-04-15
Stanislaus,185.0,4.0,11,0,2020-04-16
Stanislaus,201.0,4.0,16,0,2020-04-17
Stanislaus,216.0,4.0,15,0,2020-04-18
Stanislaus,221.0,4.0,5,0,2020-04-19
Stanislaus,228.0,4.0,7,0,2020-04-20
Stanislaus,235.0,4.0,7,0,2020-04-21
Stanislaus,247.0,5.0,12,1,2020-04-22
Stanislaus,254.0,5.0,7,0,2020-04-23
Stanislaus,273.0,5.0,19,0,2020-04-24
Stanislaus,276.0,5.0,3,0,2020-04-25
Stanislaus,294.0,5.0,18,0,2020-04-26
Stanislaus,316.0,8.0,22,3,2020-04-27
Stanislaus,330.0,10.0,14,2,2020-04-28
Stanislaus,374.0,11.0,44,1,2020-04-29
Stanislaus,378.0,11.0,4,0,2020-04-30
Stanislaus,384.0,13.0,6,2,2020-05-01
Stanislaus,388.0,14.0,4,1,2020-05-02
Stanislaus,411.0,14.0,23,0,2020-05-03
Stanislaus,422.0,15.0,11,1,2020-05-04
Stanislaus,430.0,15.0,8,0,2020-05-05
Stanislaus,434.0,17.0,4,2,2020-05-06
Stanislaus,466.0,19.0,32,2,2020-05-07
Stanislaus,487.0,19.0,21,0,2020-05-08
Stanislaus,491.0,20.0,4,1,2020-05-09
Stanislaus,498.0,21.0,7,1,2020-05-10
Stanislaus,507.0,21.0,9,0,2020-05-11
Stanislaus,515.0,22.0,8,1,2020-05-12
Stanislaus,521.0,23.0,6,1,2020-05-13
Stanislaus,533.0,23.0,12,0,2020-05-14
Stanislaus,540.0,24.0,7,1,2020-05-15
Stanislaus,546.0,24.0,6,0,2020-05-16
Stanislaus,566.0,24.0,20,0,2020-05-17
Stanislaus,572.0,26.0,6,2,2020-05-18
Stanislaus,582.0,26.0,10,0,2020-05-19
Stanislaus,584.0,26.0,2,0,2020-05-20
Stanislaus,602.0,28.0,18,2,2020-05-21
Stanislaus,616.0,28.0,14,0,2020-05-22
Stanislaus,625.0,28.0,9,0,2020-05-23
Stanislaus,634.0,28.0,9,0,2020-05-24
Stanislaus,651.0,28.0,17,0,2020-05-25
Stanislaus,663.0,28.0,12,0,2020-05-26
Stanislaus,675.0,28.0,12,0,2020-05-27
Stanislaus,684.0,28.0,9,0,2020-05-28
Stanislaus,698.0,28.0,14,0,2020-05-29
Stanislaus,712.0,28.0,14,0,2020-05-30
Stanislaus,738.0,29.0,26,1,2020-05-31
Stanislaus,758.0,29.0,20,0,2020-06-01
Stanislaus,772.0,30.0,14,1,2020-06-02
Stanislaus,780.0,30.0,8,0,2020-06-03
Stanislaus,806.0,31.0,26,1,2020-06-04
Stanislaus,842.0,31.0,36,0,2020-06-05
Stanislaus,858.0,33.0,16,2,2020-06-06
Stanislaus,905.0,33.0,47,0,2020-06-07
Stanislaus,956.0,33.0,51,0,2020-06-08
Stanislaus,993.0,33.0,37,0,2020-06-09
Stanislaus,1030.0,33.0,37,0,2020-06-10
Stanislaus,1062.0,33.0,32,0,2020-06-11
Stanislaus,1092.0,33.0,30,0,2020-06-12
Stanislaus,1122.0,34.0,30,1,2020-06-13
Stanislaus,1159.0,34.0,37,0,2020-06-14
Stanislaus,1253.0,35.0,94,1,2020-06-15
Stanislaus,1278.0,35.0,25,0,2020-06-16
Stanislaus,1387.0,36.0,109,1,2020-06-17
Stanislaus,1495.0,36.0,108,0,2020-06-18
Stanislaus,1549.0,36.0,54,0,2020-06-19
Stanislaus,1598.0,35.0,49,-1,2020-06-20
Stanislaus,1688.0,35.0,90,0,2020-06-21
Stanislaus,1784.0,37.0,96,2,2020-06-22
Stanislaus,1850.0,37.0,66,0,2020-06-23
Stanislaus,2039.0,38.0,189,1,2020-06-24
Stanislaus,2134.0,38.0,95,0,2020-06-25
Stanislaus,2167.0,38.0,33,0,2020-06-26
Stanislaus,2262.0,41.0,95,3,2020-06-27
Stanislaus,2434.0,41.0,172,0,2020-06-28
Stanislaus,2518.0,42.0,84,1,2020-06-29
Stanislaus,2605.0,44.0,87,2,2020-06-30
Stanislaus,2841.0,44.0,236,0,2020-07-01
Stanislaus,2850.0,44.0,9,0,2020-07-02
Stanislaus,3021.0,44.0,171,0,2020-07-03
Stanislaus,3572.0,44.0,551,0,2020-07-04
Stanislaus,3777.0,45.0,205,1,2020-07-05
Stanislaus,3983.0,45.0,206,0,2020-07-06
Stanislaus,4101.0,45.0,118,0,2020-07-07
Stanislaus,4344.0,50.0,243,5,2020-07-08
Stanislaus,4633.0,50.0,289,0,2020-07-09
Stanislaus,4781.0,51.0,148,1,2020-07-10
Stanislaus,4911.0,51.0,130,0,2020-07-11
Stanislaus,5177.0,51.0,266,0,2020-07-12
Stanislaus,5324.0,51.0,147,0,2020-07-13
Stanislaus,5631.0,57.0,307,6,2020-07-14
Stanislaus,5777.0,61.0,146,4,2020-07-15
Stanislaus,6077.0,61.0,300,0,2020-07-16
Stanislaus,6220.0,63.0,143,2,2020-07-17
Stanislaus,6344.0,63.0,124,0,2020-07-18
Stanislaus,6508.0,63.0,164,0,2020-07-19
Stanislaus,6835.0,71.0,327,8,2020-07-20
Stanislaus,6984.0,73.0,149,2,2020-07-21
Stanislaus,7401.0,77.0,417,4,2020-07-22
Stanislaus,7603.0,79.0,202,2,2020-07-23
Stanislaus,7861.0,86.0,258,7,2020-07-24
Stanislaus,7994.0,87.0,133,1,2020-07-25
Stanislaus,8228.0,90.0,234,3,2020-07-26
Stanislaus,8288.0,90.0,60,0,2020-07-27
Stanislaus,8492.0,98.0,204,8,2020-07-28
Stanislaus,8745.0,103.0,253,5,2020-07-29
Stanislaus,8890.0,104.0,145,1,2020-07-30
Stanislaus,9061.0,104.0,171,0,2020-07-31
Stanislaus,9221.0,110.0,160,6,2020-08-01
Stanislaus,9277.0,112.0,56,2,2020-08-02
Stanislaus,9308.0,126.0,31,14,2020-08-03
Stanislaus,9359.0,135.0,51,9,2020-08-04
Stanislaus,9408.0,145.0,49,10,2020-08-05
Stanislaus,9566.0,151.0,158,6,2020-08-06
Stanislaus,9665.0,161.0,99,10,2020-08-07
Stanislaus,9963.0,162.0,298,1,2020-08-08
Stanislaus,10264.0,163.0,301,1,2020-08-09
Stanislaus,10855.0,169.0,591,6,2020-08-10
Stanislaus,11592.0,177.0,737,8,2020-08-11
Stanislaus,11682.0,182.0,90,5,2020-08-12
Stanislaus,11953.0,187.0,271,5,2020-08-13
Stanislaus,12379.0,195.0,426,8,2020-08-14
Stanislaus,12541.0,198.0,162,3,2020-08-15
Stanislaus,12668.0,198.0,127,0,2020-08-16
Stanislaus,12745.0,200.0,77,2,2020-08-17
Stanislaus,12935.0,203.0,190,3,2020-08-18
Stanislaus,13084.0,212.0,149,9,2020-08-19
Stanislaus,13120.0,223.0,36,11,2020-08-20
Stanislaus,13282.0,226.0,162,3,2020-08-21
Stanislaus,13380.0,228.0,98,2,2020-08-22
Stanislaus,13483.0,229.0,103,1,2020-08-23
Stanislaus,13521.0,232.0,38,3,2020-08-24
Stanislaus,13886.0,237.0,365,5,2020-08-25
Stanislaus,13964.0,240.0,78,3,2020-08-26
Stanislaus,14080.0,245.0,116,5,2020-08-27
Stanislaus,14176.0,253.0,96,8,2020-08-28
Stanislaus,14479.0,253.0,303,0,2020-08-29
Stanislaus,14580.0,255.0,101,2,2020-08-30
Stanislaus,14685.0,258.0,105,3,2020-08-31
Stanislaus,14784.0,262.0,99,4,2020-09-01
Stanislaus,14854.0,267.0,70,5,2020-09-02
Stanislaus,14985.0,273.0,131,6,2020-09-03
Stanislaus,15074.0,282.0,89,9,2020-09-04
Stanislaus,15198.0,282.0,124,0,2020-09-05
Stanislaus,15288.0,289.0,90,7,2020-09-06
Stanislaus,15343.0,290.0,55,1,2020-09-07
Stanislaus,15415.0,295.0,72,5,2020-09-08
Stanislaus,15469.0,299.0,54,4,2020-09-09
Stanislaus,15509.0,303.0,40,4,2020-09-10
Stanislaus,15613.0,310.0,104,7,2020-09-11
Stanislaus,15675.0,310.0,62,0,2020-09-12
Stanislaus,15759.0,310.0,84,0,2020-09-13
Stanislaus,15812.0,310.0,53,0,2020-09-14
Stanislaus,15880.0,317.0,68,7,2020-09-15
Stanislaus,15897.0,321.0,17,4,2020-09-16
Stanislaus,15984.0,325.0,87,4,2020-09-17
Stanislaus,16042.0,329.0,58,4,2020-09-18
Stanislaus,16109.0,332.0,67,3,2020-09-19
Stanislaus,16159.0,335.0,50,3,2020-09-20
Stanislaus,16186.0,337.0,27,2,2020-09-21
Stanislaus,16231.0,339.0,45,2,2020-09-22
Stanislaus,16271.0,342.0,40,3,2020-09-23
Stanislaus,16326.0,345.0,55,3,2020-09-24
Stanislaus,16381.0,345.0,55,0,2020-09-25
Stanislaus,16421.0,351.0,40,6,2020-09-26
Stanislaus,16448.0,354.0,27,3,2020-09-27
Stanislaus,16467.0,356.0,19,2,2020-09-28
Stanislaus,16505.0,359.0,38,3,2020-09-29
Stanislaus,16531.0,359.0,26,0,2020-09-30
Stanislaus,16555.0,362.0,24,3,2020-10-01
Stanislaus,16609.0,368.0,54,6,2020-10-02
Stanislaus,16645.0,368.0,36,0,2020-10-03
Stanislaus,16711.0,372.0,66,4,2020-10-04
Stanislaus,16730.0,374.0,19,2,2020-10-05
Stanislaus,16759.0,377.0,29,3,2020-10-06
Stanislaus,16786.0,379.0,27,2,2020-10-07
Stanislaus,16821.0,381.0,35,2,2020-10-08
Stanislaus,16904.0,381.0,83,0,2020-10-09
Stanislaus,16960.0,381.0,56,0,2020-10-10
Stanislaus,17007.0,385.0,47,4,2020-10-11
Stanislaus,17051.0,385.0,44,0,2020-10-12
Stanislaus,17082.0,387.0,31,2,2020-10-13
Stanislaus,17105.0,388.0,23,1,2020-10-14
Stanislaus,17151.0,389.0,46,1,2020-10-15
Stanislaus,17201.0,391.0,50,2,2020-10-16
Stanislaus,17232.0,391.0,31,0,2020-10-17
Stanislaus,17290.0,391.0,58,0,2020-10-18
Stanislaus,17342.0,392.0,52,1,2020-10-19
Stanislaus,17367.0,392.0,25,0,2020-10-20
Stanislaus,17419.0,393.0,52,1,2020-10-21
Stanislaus,17440.0,394.0,21,1,2020-10-22
Stanislaus,17496.0,396.0,56,2,2020-10-23
Stanislaus,17574.0,396.0,78,0,2020-10-24
Stanislaus,17641.0,396.0,67,0,2020-10-25
Stanislaus,17666.0,397.0,25,1,2020-10-26
Stanislaus,17720.0,398.0,54,1,2020-10-27
Stanislaus,17765.0,399.0,45,1,2020-10-28
Stanislaus,17790.0,400.0,25,1,2020-10-29
Stanislaus,17861.0,400.0,71,0,2020-10-30
Stanislaus,17920.0,401.0,59,1,2020-10-31
Stanislaus,17961.0,401.0,41,0,2020-11-01
Stanislaus,18005.0,401.0,44,0,2020-11-02
Stanislaus,18080.0,403.0,75,2,2020-11-03
Stanislaus,18114.0,403.0,34,0,2020-11-04
Stanislaus,18194.0,405.0,80,2,2020-11-05
Stanislaus,18250.0,407.0,56,2,2020-11-06
Stanislaus,18337.0,407.0,87,0,2020-11-07
Stanislaus,18413.0,407.0,76,0,2020-11-08
Stanislaus,18482.0,407.0,69,0,2020-11-09
Stanislaus,18592.0,409.0,110,2,2020-11-10
Stanislaus,18671.0,410.0,79,1,2020-11-11
Stanislaus,18787.0,410.0,116,0,2020-11-12
Stanislaus,18936.0,411.0,149,1,2020-11-13
Stanislaus,19068.0,411.0,132,0,2020-11-14
Stanislaus,19228.0,411.0,160,0,2020-11-15
Stanislaus,19333.0,412.0,105,1,2020-11-16
Stanislaus,19466.0,413.0,133,1,2020-11-17
Stanislaus,19609.0,413.0,143,0,2020-11-18
Stanislaus,19736.0,415.0,127,2,2020-11-19
Stanislaus,19889.0,416.0,153,1,2020-11-20
Stanislaus,20111.0,416.0,222,0,2020-11-21
Stanislaus,20223.0,416.0,112,0,2020-11-22
Stanislaus,20487.0,418.0,264,2,2020-11-23
Stanislaus,20830.0,420.0,343,2,2020-11-24
Stanislaus,21022.0,422.0,192,2,2020-11-25
Stanislaus,21186.0,422.0,164,0,2020-11-26
Stanislaus,21185.0,424.0,-1,2,2020-11-27
Stanislaus,21574.0,424.0,389,0,2020-11-28
Stanislaus,21701.0,424.0,127,0,2020-11-29
Stanislaus,22110.0,426.0,409,2,2020-11-30
Stanislaus,22351.0,428.0,241,2,2020-12-01
Stanislaus,22615.0,428.0,264,0,2020-12-02
Stanislaus,22821.0,433.0,206,5,2020-12-03
Stanislaus,23206.0,436.0,385,3,2020-12-04
Stanislaus,23662.0,436.0,456,0,2020-12-05
Stanislaus,24036.0,439.0,374,3,2020-12-06
Stanislaus,24479.0,446.0,443,7,2020-12-07
Stanislaus,24793.0,450.0,314,4,2020-12-08
Stanislaus,25157.0,454.0,364,4,2020-12-09
Stanislaus,25582.0,458.0,425,4,2020-12-10
Stanislaus,25928.0,458.0,346,0,2020-12-11
Stanislaus,26246.0,468.0,318,10,2020-12-12
Stanislaus,26569.0,473.0,323,5,2020-12-13
Stanislaus,27311.0,478.0,742,5,2020-12-14
Humboldt,1.0,0.0,1,0,2020-03-18
Humboldt,1.0,0.0,0,0,2020-03-19
Humboldt,1.0,0.0,0,0,2020-03-20
Humboldt,1.0,0.0,0,0,2020-03-21
Humboldt,1.0,0.0,0,0,2020-03-22
Humboldt,2.0,0.0,1,0,2020-03-23
Humboldt,2.0,0.0,0,0,2020-03-24
Humboldt,3.0,0.0,1,0,2020-03-25
Humboldt,8.0,0.0,5,0,2020-03-26
Humboldt,9.0,0.0,1,0,2020-03-27
Humboldt,9.0,0.0,0,0,2020-03-28
Humboldt,9.0,0.0,0,0,2020-03-29
Humboldt,11.0,0.0,2,0,2020-03-30
Humboldt,18.0,0.0,7,0,2020-03-31
Humboldt,19.0,0.0,1,0,2020-04-01
Humboldt,23.0,0.0,4,0,2020-04-02
Humboldt,34.0,0.0,11,0,2020-04-03
Humboldt,29.0,0.0,-5,0,2020-04-04
Humboldt,29.0,0.0,0,0,2020-04-05
Humboldt,37.0,0.0,8,0,2020-04-06
Humboldt,40.0,0.0,3,0,2020-04-07
Humboldt,40.0,0.0,0,0,2020-04-08
Humboldt,36.0,0.0,-4,0,2020-04-09
Humboldt,36.0,0.0,0,0,2020-04-10
Humboldt,38.0,0.0,2,0,2020-04-11
Humboldt,43.0,0.0,5,0,2020-04-12
Humboldt,44.0,0.0,1,0,2020-04-13
Humboldt,44.0,0.0,0,0,2020-04-14
Humboldt,47.0,0.0,3,0,2020-04-15
Humboldt,47.0,0.0,0,0,2020-04-16
Humboldt,52.0,0.0,5,0,2020-04-17
Humboldt,52.0,0.0,0,0,2020-04-18
Humboldt,53.0,0.0,1,0,2020-04-19
Humboldt,53.0,0.0,0,0,2020-04-20
Humboldt,53.0,0.0,0,0,2020-04-21
Humboldt,53.0,0.0,0,0,2020-04-22
Humboldt,53.0,0.0,0,0,2020-04-23
Humboldt,53.0,0.0,0,0,2020-04-24
Humboldt,53.0,0.0,0,0,2020-04-25
Humboldt,53.0,0.0,0,0,2020-04-26
Humboldt,52.0,0.0,-1,0,2020-04-27
Humboldt,53.0,0.0,1,0,2020-04-28
Humboldt,53.0,0.0,0,0,2020-04-29
Humboldt,54.0,0.0,1,0,2020-04-30
Humboldt,54.0,0.0,0,0,2020-05-01
Humboldt,54.0,0.0,0,0,2020-05-02
Humboldt,54.0,0.0,0,0,2020-05-03
Humboldt,54.0,0.0,0,0,2020-05-04
Humboldt,54.0,0.0,0,0,2020-05-05
Humboldt,54.0,0.0,0,0,2020-05-06
Humboldt,54.0,0.0,0,0,2020-05-07
Humboldt,54.0,0.0,0,0,2020-05-08
Humboldt,55.0,0.0,1,0,2020-05-09
Humboldt,56.0,0.0,1,0,2020-05-10
Humboldt,56.0,0.0,0,0,2020-05-11
Humboldt,58.0,0.0,2,0,2020-05-12
Humboldt,58.0,0.0,0,0,2020-05-13
Humboldt,59.0,0.0,1,0,2020-05-14
Humboldt,60.0,0.0,1,0,2020-05-15
Humboldt,69.0,0.0,9,0,2020-05-16
Humboldt,70.0,0.0,1,0,2020-05-17
Humboldt,70.0,0.0,0,0,2020-05-18
Humboldt,72.0,0.0,2,0,2020-05-19
Humboldt,73.0,0.0,1,0,2020-05-20
Humboldt,79.0,0.0,6,0,2020-05-21
Humboldt,80.0,2.0,1,2,2020-05-22
Humboldt,80.0,2.0,0,0,2020-05-23
Humboldt,81.0,2.0,1,0,2020-05-24
Humboldt,81.0,2.0,0,0,2020-05-25
Humboldt,81.0,2.0,0,0,2020-05-26
Humboldt,86.0,2.0,5,0,2020-05-27
Humboldt,97.0,3.0,11,1,2020-05-28
Humboldt,98.0,3.0,1,0,2020-05-29
Humboldt,98.0,3.0,0,0,2020-05-30
Humboldt,98.0,3.0,0,0,2020-05-31
Humboldt,98.0,3.0,0,0,2020-06-01
Humboldt,101.0,3.0,3,0,2020-06-02
Humboldt,103.0,4.0,2,1,2020-06-03
Humboldt,109.0,4.0,6,0,2020-06-04
Humboldt,111.0,4.0,2,0,2020-06-05
Humboldt,112.0,4.0,1,0,2020-06-06
Humboldt,112.0,4.0,0,0,2020-06-07
Humboldt,112.0,4.0,0,0,2020-06-08
Humboldt,113.0,4.0,1,0,2020-06-09
Humboldt,112.0,4.0,-1,0,2020-06-10
Humboldt,113.0,4.0,1,0,2020-06-11
Humboldt,105.0,4.0,-8,0,2020-06-12
Humboldt,104.0,4.0,-1,0,2020-06-13
Humboldt,105.0,4.0,1,0,2020-06-14
Humboldt,105.0,4.0,0,0,2020-06-15
Humboldt,105.0,4.0,0,0,2020-06-16
Humboldt,105.0,4.0,0,0,2020-06-17
Humboldt,106.0,4.0,1,0,2020-06-18
Humboldt,106.0,4.0,0,0,2020-06-19
Humboldt,108.0,4.0,2,0,2020-06-20
Humboldt,108.0,4.0,0,0,2020-06-21
Humboldt,110.0,4.0,2,0,2020-06-22
Humboldt,110.0,4.0,0,0,2020-06-23
Humboldt,117.0,4.0,7,0,2020-06-24
Humboldt,121.0,4.0,4,0,2020-06-25
Humboldt,126.0,4.0,5,0,2020-06-26
Humboldt,127.0,4.0,1,0,2020-06-27
Humboldt,128.0,4.0,1,0,2020-06-28
Humboldt,130.0,4.0,2,0,2020-06-29
Humboldt,133.0,4.0,3,0,2020-06-30
Humboldt,134.0,4.0,1,0,2020-07-01
Humboldt,138.0,4.0,4,0,2020-07-02
Humboldt,143.0,4.0,5,0,2020-07-03
Humboldt,144.0,4.0,1,0,2020-07-04
Humboldt,147.0,4.0,3,0,2020-07-05
Humboldt,148.0,4.0,1,0,2020-07-06
Humboldt,150.0,4.0,2,0,2020-07-07
Humboldt,162.0,4.0,12,0,2020-07-08
Humboldt,166.0,4.0,4,0,2020-07-09
Humboldt,168.0,4.0,2,0,2020-07-10
Humboldt,174.0,4.0,6,0,2020-07-11
Humboldt,174.0,4.0,0,0,2020-07-12
Humboldt,174.0,4.0,0,0,2020-07-13
Humboldt,175.0,4.0,1,0,2020-07-14
Humboldt,181.0,4.0,6,0,2020-07-15
Humboldt,184.0,4.0,3,0,2020-07-16
Humboldt,185.0,4.0,1,0,2020-07-17
Humboldt,189.0,4.0,4,0,2020-07-18
Humboldt,195.0,4.0,6,0,2020-07-19
Humboldt,194.0,4.0,-1,0,2020-07-20
Humboldt,198.0,4.0,4,0,2020-07-21
Humboldt,201.0,4.0,3,0,2020-07-22
Humboldt,208.0,4.0,7,0,2020-07-23
Humboldt,210.0,4.0,2,0,2020-07-24
Humboldt,212.0,4.0,2,0,2020-07-25
Humboldt,214.0,4.0,2,0,2020-07-26
Humboldt,218.0,4.0,4,0,2020-07-27
Humboldt,218.0,4.0,0,0,2020-07-28
Humboldt,221.0,4.0,3,0,2020-07-29
Humboldt,228.0,4.0,7,0,2020-07-30
Humboldt,229.0,4.0,1,0,2020-07-31
Humboldt,232.0,4.0,3,0,2020-08-01
Humboldt,232.0,4.0,0,0,2020-08-02
Humboldt,234.0,4.0,2,0,2020-08-03
Humboldt,241.0,4.0,7,0,2020-08-04
Humboldt,249.0,4.0,8,0,2020-08-05
Humboldt,266.0,4.0,17,0,2020-08-06
Humboldt,274.0,4.0,8,0,2020-08-07
Humboldt,277.0,4.0,3,0,2020-08-08
Humboldt,279.0,4.0,2,0,2020-08-09
Humboldt,277.0,4.0,-2,0,2020-08-10
Humboldt,283.0,4.0,6,0,2020-08-11
Humboldt,281.0,4.0,-2,0,2020-08-12
Humboldt,281.0,4.0,0,0,2020-08-13
Humboldt,294.0,4.0,13,0,2020-08-14
Humboldt,301.0,4.0,7,0,2020-08-15
Humboldt,301.0,4.0,0,0,2020-08-16
Humboldt,302.0,4.0,1,0,2020-08-17
Humboldt,315.0,4.0,13,0,2020-08-18
Humboldt,316.0,4.0,1,0,2020-08-19
Humboldt,318.0,4.0,2,0,2020-08-20
Humboldt,331.0,4.0,13,0,2020-08-21
Humboldt,334.0,4.0,3,0,2020-08-22
Humboldt,341.0,4.0,7,0,2020-08-23
Humboldt,340.0,4.0,-1,0,2020-08-24
Humboldt,342.0,4.0,2,0,2020-08-25
Humboldt,357.0,4.0,15,0,2020-08-26
Humboldt,358.0,4.0,1,0,2020-08-27
Humboldt,362.0,4.0,4,0,2020-08-28
Humboldt,363.0,4.0,1,0,2020-08-29
Humboldt,362.0,4.0,-1,0,2020-08-30
Humboldt,374.0,4.0,12,0,2020-08-31
Humboldt,378.0,4.0,4,0,2020-09-01
Humboldt,381.0,4.0,3,0,2020-09-02
Humboldt,390.0,4.0,9,0,2020-09-03
Humboldt,390.0,4.0,0,0,2020-09-04
Humboldt,402.0,4.0,12,0,2020-09-05
Humboldt,404.0,4.0,2,0,2020-09-06
Humboldt,416.0,4.0,12,0,2020-09-07
Humboldt,420.0,4.0,4,0,2020-09-08
Humboldt,420.0,4.0,0,0,2020-09-09
Humboldt,422.0,4.0,2,0,2020-09-10
Humboldt,426.0,5.0,4,1,2020-09-11
Humboldt,430.0,5.0,4,0,2020-09-12
Humboldt,434.0,5.0,4,0,2020-09-13
Humboldt,437.0,6.0,3,1,2020-09-14
Humboldt,456.0,6.0,19,0,2020-09-15
Humboldt,455.0,6.0,-1,0,2020-09-16
Humboldt,466.0,6.0,11,0,2020-09-17
Humboldt,470.0,6.0,4,0,2020-09-18
Humboldt,471.0,6.0,1,0,2020-09-19
Humboldt,472.0,6.0,1,0,2020-09-20
Humboldt,473.0,6.0,1,0,2020-09-21
Humboldt,476.0,6.0,3,0,2020-09-22
Humboldt,477.0,6.0,1,0,2020-09-23
Humboldt,482.0,7.0,5,1,2020-09-24
Humboldt,489.0,7.0,7,0,2020-09-25
Humboldt,491.0,7.0,2,0,2020-09-26
Humboldt,492.0,7.0,1,0,2020-09-27
Humboldt,495.0,8.0,3,1,2020-09-28
Humboldt,497.0,8.0,2,0,2020-09-29
Humboldt,497.0,8.0,0,0,2020-09-30
Humboldt,499.0,8.0,2,0,2020-10-01
Humboldt,503.0,8.0,4,0,2020-10-02
Humboldt,504.0,8.0,1,0,2020-10-03
Humboldt,506.0,8.0,2,0,2020-10-04
Humboldt,506.0,8.0,0,0,2020-10-05
Humboldt,508.0,8.0,2,0,2020-10-06
Humboldt,512.0,8.0,4,0,2020-10-07
Humboldt,515.0,8.0,3,0,2020-10-08
Humboldt,516.0,8.0,1,0,2020-10-09
Humboldt,518.0,8.0,2,0,2020-10-10
Humboldt,521.0,8.0,3,0,2020-10-11
Humboldt,522.0,8.0,1,0,2020-10-12
Humboldt,523.0,8.0,1,0,2020-10-13
Humboldt,531.0,8.0,8,0,2020-10-14
Humboldt,531.0,8.0,0,0,2020-10-15
Humboldt,533.0,8.0,2,0,2020-10-16
Humboldt,535.0,8.0,2,0,2020-10-17
Humboldt,540.0,8.0,5,0,2020-10-18
Humboldt,543.0,9.0,3,1,2020-10-19
Humboldt,545.0,9.0,2,0,2020-10-20
Humboldt,548.0,9.0,3,0,2020-10-21
Humboldt,548.0,9.0,0,0,2020-10-22
Humboldt,553.0,9.0,5,0,2020-10-23
Humboldt,553.0,9.0,0,0,2020-10-24
Humboldt,554.0,9.0,1,0,2020-10-25
Humboldt,554.0,10.0,0,1,2020-10-26
Humboldt,559.0,10.0,5,0,2020-10-27
Humboldt,559.0,10.0,0,0,2020-10-28
Humboldt,559.0,10.0,0,0,2020-10-29
Humboldt,561.0,10.0,2,0,2020-10-30
Humboldt,561.0,10.0,0,0,2020-10-31
Humboldt,568.0,10.0,7,0,2020-11-01
Humboldt,569.0,10.0,1,0,2020-11-02
Humboldt,570.0,10.0,1,0,2020-11-03
Humboldt,571.0,10.0,1,0,2020-11-04
Humboldt,581.0,10.0,10,0,2020-11-05
Humboldt,587.0,10.0,6,0,2020-11-06
Humboldt,590.0,10.0,3,0,2020-11-07
Humboldt,605.0,10.0,15,0,2020-11-08
Humboldt,607.0,10.0,2,0,2020-11-09
Humboldt,610.0,10.0,3,0,2020-11-10
Humboldt,623.0,10.0,13,0,2020-11-11
Humboldt,625.0,10.0,2,0,2020-11-12
Humboldt,638.0,10.0,13,0,2020-11-13
Humboldt,643.0,10.0,5,0,2020-11-14
Humboldt,653.0,10.0,10,0,2020-11-15
Humboldt,660.0,10.0,7,0,2020-11-16
Humboldt,685.0,9.0,25,-1,2020-11-17
Humboldt,690.0,9.0,5,0,2020-11-18
Humboldt,693.0,9.0,3,0,2020-11-19
Humboldt,714.0,9.0,21,0,2020-11-20
Humboldt,728.0,9.0,14,0,2020-11-21
Humboldt,729.0,9.0,1,0,2020-11-22
Humboldt,746.0,9.0,17,0,2020-11-23
Humboldt,774.0,9.0,28,0,2020-11-24
Humboldt,777.0,9.0,3,0,2020-11-25
Humboldt,795.0,9.0,18,0,2020-11-26
Humboldt,795.0,9.0,0,0,2020-11-27
Humboldt,844.0,9.0,49,0,2020-11-28
Humboldt,856.0,9.0,12,0,2020-11-29
Humboldt,870.0,9.0,14,0,2020-11-30
Humboldt,886.0,9.0,16,0,2020-12-01
Humboldt,899.0,9.0,13,0,2020-12-02
Humboldt,923.0,9.0,24,0,2020-12-03
Humboldt,960.0,9.0,37,0,2020-12-04
Humboldt,979.0,9.0,19,0,2020-12-05
Humboldt,1004.0,9.0,25,0,2020-12-06
Humboldt,1023.0,9.0,19,0,2020-12-07
Humboldt,1059.0,9.0,36,0,2020-12-08
Humboldt,1086.0,10.0,27,1,2020-12-09
Humboldt,1140.0,10.0,54,0,2020-12-10
Humboldt,1190.0,10.0,50,0,2020-12-11
Humboldt,1208.0,10.0,18,0,2020-12-12
Humboldt,1238.0,10.0,30,0,2020-12-13
Humboldt,1256.0,12.0,18,2,2020-12-14
Plumas,0.0,0.0,0,0,2020-03-18
Plumas,0.0,0.0,0,0,2020-03-19
Plumas,0.0,0.0,0,0,2020-03-20
Plumas,0.0,0.0,0,0,2020-03-21
Plumas,0.0,0.0,0,0,2020-03-22
Plumas,0.0,0.0,0,0,2020-03-23
Plumas,1.0,0.0,1,0,2020-03-24
Plumas,0.0,0.0,-1,0,2020-03-25
Plumas,0.0,0.0,0,0,2020-03-26
Plumas,0.0,0.0,0,0,2020-03-27
Plumas,0.0,0.0,0,0,2020-03-28
Plumas,0.0,0.0,0,0,2020-03-29
Plumas,0.0,0.0,0,0,2020-03-30
Plumas,0.0,0.0,0,0,2020-03-31
Plumas,1.0,0.0,1,0,2020-04-01
Plumas,1.0,0.0,0,0,2020-04-02
Plumas,2.0,0.0,1,0,2020-04-03
Plumas,2.0,0.0,0,0,2020-04-04
Plumas,2.0,0.0,0,0,2020-04-05
Plumas,2.0,0.0,0,0,2020-04-06
Plumas,3.0,0.0,1,0,2020-04-07
Plumas,3.0,0.0,0,0,2020-04-08
Plumas,3.0,0.0,0,0,2020-04-09
Plumas,3.0,0.0,0,0,2020-04-10
Plumas,3.0,0.0,0,0,2020-04-11
Plumas,3.0,0.0,0,0,2020-04-12
Plumas,3.0,0.0,0,0,2020-04-13
Plumas,3.0,0.0,0,0,2020-04-14
Plumas,4.0,0.0,1,0,2020-04-15
Plumas,4.0,0.0,0,0,2020-04-16
Plumas,4.0,0.0,0,0,2020-04-17
Plumas,4.0,0.0,0,0,2020-04-18
Plumas,4.0,0.0,0,0,2020-04-19
Plumas,4.0,0.0,0,0,2020-04-20
Plumas,4.0,0.0,0,0,2020-04-21
Plumas,4.0,0.0,0,0,2020-04-22
Plumas,4.0,0.0,0,0,2020-04-23
Plumas,4.0,0.0,0,0,2020-04-24
Plumas,4.0,0.0,0,0,2020-04-25
Plumas,4.0,0.0,0,0,2020-04-26
Plumas,4.0,0.0,0,0,2020-04-27
Plumas,4.0,0.0,0,0,2020-04-28
Plumas,4.0,0.0,0,0,2020-04-29
Plumas,4.0,0.0,0,0,2020-04-30
Plumas,4.0,0.0,0,0,2020-05-01
Plumas,4.0,0.0,0,0,2020-05-02
Plumas,4.0,0.0,0,0,2020-05-03
Plumas,4.0,0.0,0,0,2020-05-04
Plumas,4.0,0.0,0,0,2020-05-05
Plumas,4.0,0.0,0,0,2020-05-06
Plumas,4.0,0.0,0,0,2020-05-07
Plumas,4.0,0.0,0,0,2020-05-08
Plumas,4.0,0.0,0,0,2020-05-09
Plumas,4.0,0.0,0,0,2020-05-10
Plumas,4.0,0.0,0,0,2020-05-11
Plumas,4.0,0.0,0,0,2020-05-12
Plumas,4.0,0.0,0,0,2020-05-13
Plumas,4.0,0.0,0,0,2020-05-14
Plumas,4.0,0.0,0,0,2020-05-15
Plumas,4.0,0.0,0,0,2020-05-16
Plumas,4.0,0.0,0,0,2020-05-17
Plumas,5.0,0.0,1,0,2020-05-18
Plumas,5.0,0.0,0,0,2020-05-19
Plumas,4.0,0.0,-1,0,2020-05-20
Plumas,4.0,0.0,0,0,2020-05-21
Plumas,4.0,0.0,0,0,2020-05-22
Plumas,4.0,0.0,0,0,2020-05-23
Plumas,4.0,0.0,0,0,2020-05-24
Plumas,4.0,0.0,0,0,2020-05-25
Plumas,4.0,0.0,0,0,2020-05-26
Plumas,4.0,0.0,0,0,2020-05-27
Plumas,4.0,0.0,0,0,2020-05-28
Plumas,4.0,0.0,0,0,2020-05-29
Plumas,4.0,0.0,0,0,2020-05-30
Plumas,4.0,0.0,0,0,2020-05-31
Plumas,4.0,0.0,0,0,2020-06-01
Plumas,4.0,0.0,0,0,2020-06-02
Plumas,4.0,0.0,0,0,2020-06-03
Plumas,4.0,0.0,0,0,2020-06-04
Plumas,4.0,0.0,0,0,2020-06-05
Plumas,4.0,0.0,0,0,2020-06-06
Plumas,4.0,0.0,0,0,2020-06-07
Plumas,4.0,0.0,0,0,2020-06-08
Plumas,4.0,0.0,0,0,2020-06-09
Plumas,4.0,0.0,0,0,2020-06-10
Plumas,4.0,0.0,0,0,2020-06-11
Plumas,4.0,0.0,0,0,2020-06-12
Plumas,4.0,0.0,0,0,2020-06-13
Plumas,4.0,0.0,0,0,2020-06-14
Plumas,4.0,0.0,0,0,2020-06-15
Plumas,5.0,0.0,1,0,2020-06-16
Plumas,5.0,0.0,0,0,2020-06-17
Plumas,5.0,0.0,0,0,2020-06-18
Plumas,5.0,0.0,0,0,2020-06-19
Plumas,6.0,0.0,1,0,2020-06-20
Plumas,6.0,0.0,0,0,2020-06-21
Plumas,6.0,0.0,0,0,2020-06-22
Plumas,6.0,0.0,0,0,2020-06-23
Plumas,6.0,0.0,0,0,2020-06-24
Plumas,6.0,0.0,0,0,2020-06-25
Plumas,6.0,0.0,0,0,2020-06-26
Plumas,6.0,0.0,0,0,2020-06-27
Plumas,6.0,0.0,0,0,2020-06-28
Plumas,7.0,0.0,1,0,2020-06-29
Plumas,8.0,0.0,1,0,2020-06-30
Plumas,8.0,0.0,0,0,2020-07-01
Plumas,8.0,0.0,0,0,2020-07-02
Plumas,11.0,0.0,3,0,2020-07-03
Plumas,11.0,0.0,0,0,2020-07-04
Plumas,11.0,0.0,0,0,2020-07-05
Plumas,11.0,0.0,0,0,2020-07-06
Plumas,12.0,0.0,1,0,2020-07-07
Plumas,12.0,0.0,0,0,2020-07-08
Plumas,12.0,0.0,0,0,2020-07-09
Plumas,12.0,0.0,0,0,2020-07-10
Plumas,12.0,0.0,0,0,2020-07-11
Plumas,14.0,0.0,2,0,2020-07-12
Plumas,14.0,0.0,0,0,2020-07-13
Plumas,14.0,0.0,0,0,2020-07-14
Plumas,16.0,0.0,2,0,2020-07-15
Plumas,16.0,0.0,0,0,2020-07-16
Plumas,16.0,0.0,0,0,2020-07-17
Plumas,17.0,0.0,1,0,2020-07-18
Plumas,17.0,0.0,0,0,2020-07-19
Plumas,17.0,0.0,0,0,2020-07-20
Plumas,19.0,0.0,2,0,2020-07-21
Plumas,20.0,0.0,1,0,2020-07-22
Plumas,21.0,0.0,1,0,2020-07-23
Plumas,22.0,0.0,1,0,2020-07-24
Plumas,22.0,0.0,0,0,2020-07-25
Plumas,22.0,0.0,0,0,2020-07-26
Plumas,22.0,0.0,0,0,2020-07-27
Plumas,22.0,0.0,0,0,2020-07-28
Plumas,25.0,0.0,3,0,2020-07-29
Plumas,25.0,0.0,0,0,2020-07-30
Plumas,25.0,0.0,0,0,2020-07-31
Plumas,25.0,0.0,0,0,2020-08-01
Plumas,25.0,0.0,0,0,2020-08-02
Plumas,25.0,0.0,0,0,2020-08-03
Plumas,25.0,0.0,0,0,2020-08-04
Plumas,25.0,0.0,0,0,2020-08-05
Plumas,25.0,0.0,0,0,2020-08-06
Plumas,25.0,0.0,0,0,2020-08-07
Plumas,27.0,0.0,2,0,2020-08-08
Plumas,27.0,0.0,0,0,2020-08-09
Plumas,27.0,0.0,0,0,2020-08-10
Plumas,31.0,0.0,4,0,2020-08-11
Plumas,31.0,0.0,0,0,2020-08-12
Plumas,32.0,0.0,1,0,2020-08-13
Plumas,33.0,0.0,1,0,2020-08-14
Plumas,33.0,0.0,0,0,2020-08-15
Plumas,33.0,0.0,0,0,2020-08-16
Plumas,33.0,0.0,0,0,2020-08-17
Plumas,34.0,0.0,1,0,2020-08-18
Plumas,36.0,0.0,2,0,2020-08-19
Plumas,36.0,0.0,0,0,2020-08-20
Plumas,36.0,0.0,0,0,2020-08-21
Plumas,37.0,0.0,1,0,2020-08-22
Plumas,37.0,0.0,0,0,2020-08-23
Plumas,37.0,0.0,0,0,2020-08-24
Plumas,39.0,0.0,2,0,2020-08-25
Plumas,39.0,0.0,0,0,2020-08-26
Plumas,39.0,0.0,0,0,2020-08-27
Plumas,39.0,0.0,0,0,2020-08-28
Plumas,39.0,0.0,0,0,2020-08-29
Plumas,39.0,0.0,0,0,2020-08-30
Plumas,39.0,0.0,0,0,2020-08-31
Plumas,39.0,0.0,0,0,2020-09-01
Plumas,39.0,0.0,0,0,2020-09-02
Plumas,39.0,0.0,0,0,2020-09-03
Plumas,42.0,0.0,3,0,2020-09-04
Plumas,42.0,0.0,0,0,2020-09-05
Plumas,42.0,0.0,0,0,2020-09-06
Plumas,42.0,0.0,0,0,2020-09-07
Plumas,42.0,0.0,0,0,2020-09-08
Plumas,42.0,0.0,0,0,2020-09-09
Plumas,42.0,0.0,0,0,2020-09-10
Plumas,42.0,0.0,0,0,2020-09-11
Plumas,42.0,0.0,0,0,2020-09-12
Plumas,42.0,0.0,0,0,2020-09-13
Plumas,42.0,0.0,0,0,2020-09-14
Plumas,44.0,0.0,2,0,2020-09-15
Plumas,45.0,0.0,1,0,2020-09-16
Plumas,45.0,0.0,0,0,2020-09-17
Plumas,45.0,0.0,0,0,2020-09-18
Plumas,47.0,0.0,2,0,2020-09-19
Plumas,47.0,0.0,0,0,2020-09-20
Plumas,47.0,0.0,0,0,2020-09-21
Plumas,48.0,0.0,1,0,2020-09-22
Plumas,48.0,0.0,0,0,2020-09-23
Plumas,48.0,0.0,0,0,2020-09-24
Plumas,48.0,0.0,0,0,2020-09-25
Plumas,48.0,0.0,0,0,2020-09-26
Plumas,48.0,0.0,0,0,2020-09-27
Plumas,48.0,0.0,0,0,2020-09-28
Plumas,48.0,0.0,0,0,2020-09-29
Plumas,48.0,0.0,0,0,2020-09-30
Plumas,48.0,0.0,0,0,2020-10-01
Plumas,48.0,0.0,0,0,2020-10-02
Plumas,48.0,0.0,0,0,2020-10-03
Plumas,49.0,0.0,1,0,2020-10-04
Plumas,49.0,0.0,0,0,2020-10-05
Plumas,49.0,0.0,0,0,2020-10-06
Plumas,50.0,0.0,1,0,2020-10-07
Plumas,50.0,0.0,0,0,2020-10-08
Plumas,50.0,0.0,0,0,2020-10-09
Plumas,51.0,0.0,1,0,2020-10-10
Plumas,51.0,0.0,0,0,2020-10-11
Plumas,51.0,0.0,0,0,2020-10-12
Plumas,51.0,0.0,0,0,2020-10-13
Plumas,52.0,0.0,1,0,2020-10-14
Plumas,52.0,0.0,0,0,2020-10-15
Plumas,52.0,0.0,0,0,2020-10-16
Plumas,52.0,0.0,0,0,2020-10-17
Plumas,52.0,0.0,0,0,2020-10-18
Plumas,52.0,0.0,0,0,2020-10-19
Plumas,53.0,0.0,1,0,2020-10-20
Plumas,58.0,0.0,5,0,2020-10-21
Plumas,62.0,0.0,4,0,2020-10-22
Plumas,63.0,0.0,1,0,2020-10-23
Plumas,63.0,0.0,0,0,2020-10-24
Plumas,63.0,0.0,0,0,2020-10-25
Plumas,63.0,0.0,0,0,2020-10-26
Plumas,63.0,0.0,0,0,2020-10-27
Plumas,67.0,0.0,4,0,2020-10-28
Plumas,69.0,0.0,2,0,2020-10-29
Plumas,80.0,0.0,11,0,2020-10-30
Plumas,85.0,0.0,5,0,2020-10-31
Plumas,86.0,0.0,1,0,2020-11-01
Plumas,86.0,0.0,0,0,2020-11-02
Plumas,86.0,0.0,0,0,2020-11-03
Plumas,88.0,0.0,2,0,2020-11-04
Plumas,90.0,0.0,2,0,2020-11-05
Plumas,90.0,0.0,0,0,2020-11-06
Plumas,94.0,0.0,4,0,2020-11-07
Plumas,102.0,0.0,8,0,2020-11-08
Plumas,102.0,0.0,0,0,2020-11-09
Plumas,108.0,0.0,6,0,2020-11-10
Plumas,111.0,0.0,3,0,2020-11-11
Plumas,121.0,0.0,10,0,2020-11-12
Plumas,125.0,0.0,4,0,2020-11-13
Plumas,128.0,0.0,3,0,2020-11-14
Plumas,127.0,0.0,-1,0,2020-11-15
Plumas,127.0,0.0,0,0,2020-11-16
Plumas,142.0,0.0,15,0,2020-11-17
Plumas,143.0,0.0,1,0,2020-11-18
Plumas,158.0,0.0,15,0,2020-11-19
Plumas,163.0,0.0,5,0,2020-11-20
Plumas,172.0,0.0,9,0,2020-11-21
Plumas,172.0,0.0,0,0,2020-11-22
Plumas,172.0,0.0,0,0,2020-11-23
Plumas,180.0,0.0,8,0,2020-11-24
Plumas,183.0,0.0,3,0,2020-11-25
Plumas,188.0,0.0,5,0,2020-11-26
Plumas,188.0,0.0,0,0,2020-11-27
Plumas,188.0,0.0,0,0,2020-11-28
Plumas,191.0,0.0,3,0,2020-11-29
Plumas,192.0,0.0,1,0,2020-11-30
Plumas,201.0,0.0,9,0,2020-12-01
Plumas,218.0,0.0,17,0,2020-12-02
Plumas,223.0,0.0,5,0,2020-12-03
Plumas,232.0,0.0,9,0,2020-12-04
Plumas,246.0,0.0,14,0,2020-12-05
Plumas,254.0,0.0,8,0,2020-12-06
Plumas,256.0,0.0,2,0,2020-12-07
Plumas,258.0,0.0,2,0,2020-12-08
Plumas,271.0,0.0,13,0,2020-12-09
Plumas,281.0,0.0,10,0,2020-12-10
Plumas,286.0,0.0,5,0,2020-12-11
Plumas,291.0,0.0,5,0,2020-12-12
Plumas,291.0,0.0,0,0,2020-12-13
Plumas,309.0,0.0,18,0,2020-12-14
Amador,0.0,0.0,0,0,2020-03-18
Amador,0.0,0.0,0,0,2020-03-19
Amador,0.0,0.0,0,0,2020-03-20
Amador,1.0,0.0,1,0,2020-03-21
Amador,1.0,0.0,0,0,2020-03-22
Amador,1.0,0.0,0,0,2020-03-23
Amador,1.0,0.0,0,0,2020-03-24
Amador,1.0,0.0,0,0,2020-03-25
Amador,1.0,0.0,0,0,2020-03-26
Amador,1.0,0.0,0,0,2020-03-27
Amador,1.0,0.0,0,0,2020-03-28
Amador,1.0,0.0,0,0,2020-03-29
Amador,1.0,0.0,0,0,2020-03-30
Amador,1.0,0.0,0,0,2020-03-31
Amador,1.0,0.0,0,0,2020-04-01
Amador,2.0,0.0,1,0,2020-04-02
Amador,2.0,0.0,0,0,2020-04-03
Amador,2.0,0.0,0,0,2020-04-04
Amador,2.0,0.0,0,0,2020-04-05
Amador,2.0,0.0,0,0,2020-04-06
Amador,2.0,0.0,0,0,2020-04-07
Amador,2.0,0.0,0,0,2020-04-08
Amador,2.0,0.0,0,0,2020-04-09
Amador,5.0,0.0,3,0,2020-04-10
Amador,6.0,0.0,1,0,2020-04-11
Amador,6.0,0.0,0,0,2020-04-12
Amador,6.0,0.0,0,0,2020-04-13
Amador,6.0,0.0,0,0,2020-04-14
Amador,7.0,0.0,1,0,2020-04-15
Amador,7.0,0.0,0,0,2020-04-16
Amador,7.0,0.0,0,0,2020-04-17
Amador,7.0,0.0,0,0,2020-04-18
Amador,7.0,0.0,0,0,2020-04-19
Amador,7.0,0.0,0,0,2020-04-20
Amador,7.0,0.0,0,0,2020-04-21
Amador,7.0,0.0,0,0,2020-04-22
Amador,8.0,0.0,1,0,2020-04-23
Amador,8.0,0.0,0,0,2020-04-24
Amador,8.0,0.0,0,0,2020-04-25
Amador,8.0,0.0,0,0,2020-04-26
Amador,8.0,0.0,0,0,2020-04-27
Amador,8.0,0.0,0,0,2020-04-28
Amador,8.0,0.0,0,0,2020-04-29
Amador,8.0,0.0,0,0,2020-04-30
Amador,8.0,0.0,0,0,2020-05-01
Amador,8.0,0.0,0,0,2020-05-02
Amador,8.0,0.0,0,0,2020-05-03
Amador,8.0,0.0,0,0,2020-05-04
Amador,8.0,0.0,0,0,2020-05-05
Amador,8.0,0.0,0,0,2020-05-06
Amador,8.0,0.0,0,0,2020-05-07
Amador,8.0,0.0,0,0,2020-05-08
Amador,8.0,0.0,0,0,2020-05-09
Amador,8.0,0.0,0,0,2020-05-10
Amador,8.0,0.0,0,0,2020-05-11
Amador,8.0,0.0,0,0,2020-05-12
Amador,8.0,0.0,0,0,2020-05-13
Amador,8.0,0.0,0,0,2020-05-14
Amador,8.0,0.0,0,0,2020-05-15
Amador,8.0,0.0,0,0,2020-05-16
Amador,8.0,0.0,0,0,2020-05-17
Amador,8.0,0.0,0,0,2020-05-18
Amador,9.0,0.0,1,0,2020-05-19
Amador,9.0,0.0,0,0,2020-05-20
Amador,9.0,0.0,0,0,2020-05-21
Amador,9.0,0.0,0,0,2020-05-22
Amador,9.0,0.0,0,0,2020-05-23
Amador,9.0,0.0,0,0,2020-05-24
Amador,10.0,0.0,1,0,2020-05-25
Amador,10.0,0.0,0,0,2020-05-26
Amador,10.0,0.0,0,0,2020-05-27
Amador,10.0,0.0,0,0,2020-05-28
Amador,10.0,0.0,0,0,2020-05-29
Amador,10.0,0.0,0,0,2020-05-30
Amador,10.0,0.0,0,0,2020-05-31
Amador,10.0,0.0,0,0,2020-06-01
Amador,10.0,0.0,0,0,2020-06-02
Amador,10.0,0.0,0,0,2020-06-03
Amador,10.0,0.0,0,0,2020-06-04
Amador,10.0,0.0,0,0,2020-06-05
Amador,10.0,0.0,0,0,2020-06-06
Amador,10.0,0.0,0,0,2020-06-07
Amador,10.0,0.0,0,0,2020-06-08
Amador,10.0,0.0,0,0,2020-06-09
Amador,10.0,0.0,0,0,2020-06-10
Amador,10.0,0.0,0,0,2020-06-11
Amador,10.0,0.0,0,0,2020-06-12
Amador,10.0,0.0,0,0,2020-06-13
Amador,10.0,0.0,0,0,2020-06-14
Amador,10.0,0.0,0,0,2020-06-15
Amador,10.0,0.0,0,0,2020-06-16
Amador,10.0,0.0,0,0,2020-06-17
Amador,12.0,0.0,2,0,2020-06-18
Amador,12.0,0.0,0,0,2020-06-19
Amador,12.0,0.0,0,0,2020-06-20
Amador,12.0,0.0,0,0,2020-06-21
Amador,12.0,0.0,0,0,2020-06-22
Amador,13.0,0.0,1,0,2020-06-23
Amador,16.0,0.0,3,0,2020-06-24
Amador,18.0,0.0,2,0,2020-06-25
Amador,20.0,0.0,2,0,2020-06-26
Amador,20.0,0.0,0,0,2020-06-27
Amador,20.0,0.0,0,0,2020-06-28
Amador,20.0,0.0,0,0,2020-06-29
Amador,21.0,0.0,1,0,2020-06-30
Amador,22.0,0.0,1,0,2020-07-01
Amador,23.0,0.0,1,0,2020-07-02
Amador,25.0,0.0,2,0,2020-07-03
Amador,31.0,0.0,6,0,2020-07-04
Amador,31.0,0.0,0,0,2020-07-05
Amador,33.0,0.0,2,0,2020-07-06
Amador,33.0,0.0,0,0,2020-07-07
Amador,35.0,0.0,2,0,2020-07-08
Amador,36.0,0.0,1,0,2020-07-09
Amador,37.0,0.0,1,0,2020-07-10
Amador,37.0,0.0,0,0,2020-07-11
Amador,40.0,0.0,3,0,2020-07-12
Amador,42.0,0.0,2,0,2020-07-13
Amador,44.0,0.0,2,0,2020-07-14
Amador,44.0,0.0,0,0,2020-07-15
Amador,46.0,0.0,2,0,2020-07-16
Amador,48.0,0.0,2,0,2020-07-17
Amador,49.0,0.0,1,0,2020-07-18
Amador,51.0,0.0,2,0,2020-07-19
Amador,53.0,0.0,2,0,2020-07-20
Amador,55.0,0.0,2,0,2020-07-21
Amador,58.0,0.0,3,0,2020-07-22
Amador,61.0,0.0,3,0,2020-07-23
Amador,66.0,0.0,5,0,2020-07-24
Amador,67.0,0.0,1,0,2020-07-25
Amador,67.0,0.0,0,0,2020-07-26
Amador,72.0,0.0,5,0,2020-07-27
Amador,77.0,0.0,5,0,2020-07-28
Amador,80.0,0.0,3,0,2020-07-29
Amador,97.0,0.0,17,0,2020-07-30
Amador,98.0,0.0,1,0,2020-07-31
Amador,109.0,0.0,11,0,2020-08-01
Amador,117.0,0.0,8,0,2020-08-02
Amador,119.0,0.0,2,0,2020-08-03
Amador,123.0,0.0,4,0,2020-08-04
Amador,123.0,0.0,0,0,2020-08-05
Amador,125.0,0.0,2,0,2020-08-06
Amador,125.0,2.0,0,2,2020-08-07
Amador,139.0,2.0,14,0,2020-08-08
Amador,153.0,2.0,14,0,2020-08-09
Amador,172.0,2.0,19,0,2020-08-10
Amador,187.0,10.0,15,8,2020-08-11
Amador,197.0,10.0,10,0,2020-08-12
Amador,198.0,11.0,1,1,2020-08-13
Amador,209.0,11.0,11,0,2020-08-14
Amador,210.0,11.0,1,0,2020-08-15
Amador,215.0,11.0,5,0,2020-08-16
Amador,215.0,11.0,0,0,2020-08-17
Amador,215.0,11.0,0,0,2020-08-18
Amador,219.0,13.0,4,2,2020-08-19
Amador,222.0,13.0,3,0,2020-08-20
Amador,223.0,14.0,1,1,2020-08-21
Amador,224.0,14.0,1,0,2020-08-22
Amador,227.0,14.0,3,0,2020-08-23
Amador,227.0,14.0,0,0,2020-08-24
Amador,227.0,14.0,0,0,2020-08-25
Amador,229.0,14.0,2,0,2020-08-26
Amador,233.0,14.0,4,0,2020-08-27
Amador,234.0,14.0,1,0,2020-08-28
Amador,239.0,14.0,5,0,2020-08-29
Amador,240.0,14.0,1,0,2020-08-30
Amador,243.0,13.0,3,-1,2020-08-31
Amador,244.0,15.0,1,2,2020-09-01
Amador,245.0,15.0,1,0,2020-09-02
Amador,274.0,15.0,29,0,2020-09-03
Amador,274.0,15.0,0,0,2020-09-04
Amador,274.0,16.0,0,1,2020-09-05
Amador,275.0,15.0,1,-1,2020-09-06
Amador,276.0,15.0,1,0,2020-09-07
Amador,276.0,16.0,0,1,2020-09-08
Amador,276.0,16.0,0,0,2020-09-09
Amador,277.0,16.0,1,0,2020-09-10
Amador,277.0,16.0,0,0,2020-09-11
Amador,278.0,16.0,1,0,2020-09-12
Amador,279.0,16.0,1,0,2020-09-13
Amador,281.0,16.0,2,0,2020-09-14
Amador,282.0,16.0,1,0,2020-09-15
Amador,284.0,16.0,2,0,2020-09-16
Amador,284.0,16.0,0,0,2020-09-17
Amador,285.0,16.0,1,0,2020-09-18
Amador,285.0,16.0,0,0,2020-09-19
Amador,286.0,16.0,1,0,2020-09-20
Amador,286.0,16.0,0,0,2020-09-21
Amador,287.0,16.0,1,0,2020-09-22
Amador,288.0,16.0,1,0,2020-09-23
Amador,288.0,16.0,0,0,2020-09-24
Amador,289.0,16.0,1,0,2020-09-25
Amador,291.0,16.0,2,0,2020-09-26
Amador,291.0,16.0,0,0,2020-09-27
Amador,294.0,16.0,3,0,2020-09-28
Amador,294.0,16.0,0,0,2020-09-29
Amador,294.0,16.0,0,0,2020-09-30
Amador,294.0,16.0,0,0,2020-10-01
Amador,296.0,16.0,2,0,2020-10-02
Amador,296.0,16.0,0,0,2020-10-03
Amador,297.0,16.0,1,0,2020-10-04
Amador,299.0,16.0,2,0,2020-10-05
Amador,301.0,16.0,2,0,2020-10-06
Amador,302.0,16.0,1,0,2020-10-07
Amador,302.0,16.0,0,0,2020-10-08
Amador,303.0,16.0,1,0,2020-10-09
Amador,304.0,16.0,1,0,2020-10-10
Amador,305.0,16.0,1,0,2020-10-11
Amador,305.0,16.0,0,0,2020-10-12
Amador,306.0,16.0,1,0,2020-10-13
Amador,308.0,16.0,2,0,2020-10-14
Amador,309.0,16.0,1,0,2020-10-15
Amador,309.0,16.0,0,0,2020-10-16
Amador,309.0,16.0,0,0,2020-10-17
Amador,313.0,16.0,4,0,2020-10-18
Amador,313.0,16.0,0,0,2020-10-19
Amador,313.0,16.0,0,0,2020-10-20
Amador,313.0,16.0,0,0,2020-10-21
Amador,317.0,16.0,4,0,2020-10-22
Amador,324.0,16.0,7,0,2020-10-23
Amador,328.0,16.0,4,0,2020-10-24
Amador,330.0,16.0,2,0,2020-10-25
Amador,331.0,16.0,1,0,2020-10-26
Amador,335.0,16.0,4,0,2020-10-27
Amador,337.0,16.0,2,0,2020-10-28
Amador,338.0,16.0,1,0,2020-10-29
Amador,344.0,16.0,6,0,2020-10-30
Amador,347.0,16.0,3,0,2020-10-31
Amador,352.0,16.0,5,0,2020-11-01
Amador,357.0,16.0,5,0,2020-11-02
Amador,361.0,16.0,4,0,2020-11-03
Amador,362.0,16.0,1,0,2020-11-04
Amador,363.0,16.0,1,0,2020-11-05
Amador,369.0,16.0,6,0,2020-11-06
Amador,374.0,16.0,5,0,2020-11-07
Amador,376.0,16.0,2,0,2020-11-08
Amador,380.0,16.0,4,0,2020-11-09
Amador,384.0,16.0,4,0,2020-11-10
Amador,389.0,16.0,5,0,2020-11-11
Amador,392.0,16.0,3,0,2020-11-12
Amador,397.0,16.0,5,0,2020-11-13
Amador,404.0,16.0,7,0,2020-11-14
Amador,409.0,16.0,5,0,2020-11-15
Amador,414.0,16.0,5,0,2020-11-16
Amador,423.0,16.0,9,0,2020-11-17
Amador,430.0,16.0,7,0,2020-11-18
Amador,436.0,16.0,6,0,2020-11-19
Amador,446.0,16.0,10,0,2020-11-20
Amador,450.0,16.0,4,0,2020-11-21
Amador,450.0,16.0,0,0,2020-11-22
Amador,457.0,16.0,7,0,2020-11-23
Amador,470.0,16.0,13,0,2020-11-24
Amador,484.0,16.0,14,0,2020-11-25
Amador,488.0,16.0,4,0,2020-11-26
Amador,498.0,16.0,10,0,2020-11-27
Amador,536.0,16.0,38,0,2020-11-28
Amador,548.0,16.0,12,0,2020-11-29
Amador,559.0,16.0,11,0,2020-11-30
Amador,575.0,16.0,16,0,2020-12-01
Amador,585.0,16.0,10,0,2020-12-02
Amador,653.0,16.0,68,0,2020-12-03
Amador,766.0,16.0,113,0,2020-12-04
Amador,847.0,17.0,81,1,2020-12-05
Amador,952.0,17.0,105,0,2020-12-06
Amador,993.0,17.0,41,0,2020-12-07
Amador,1043.0,17.0,50,0,2020-12-08
Amador,1121.0,18.0,78,1,2020-12-09
Amador,1191.0,18.0,70,0,2020-12-10
Amador,1213.0,19.0,22,1,2020-12-11
Amador,1236.0,19.0,23,0,2020-12-12
Amador,1457.0,19.0,221,0,2020-12-13
Amador,1609.0,19.0,152,0,2020-12-14
Imperial,2.0,0.0,2,0,2020-03-18
Imperial,2.0,0.0,0,0,2020-03-19
Imperial,2.0,0.0,0,0,2020-03-20
Imperial,2.0,0.0,0,0,2020-03-21
Imperial,2.0,0.0,0,0,2020-03-22
Imperial,2.0,0.0,0,0,2020-03-23
Imperial,3.0,0.0,1,0,2020-03-24
Imperial,8.0,0.0,5,0,2020-03-25
Imperial,8.0,0.0,0,0,2020-03-26
Imperial,9.0,0.0,1,0,2020-03-27
Imperial,9.0,0.0,0,0,2020-03-28
Imperial,9.0,0.0,0,0,2020-03-29
Imperial,9.0,0.0,0,0,2020-03-30
Imperial,17.0,0.0,8,0,2020-03-31
Imperial,25.0,0.0,8,0,2020-04-01
Imperial,24.0,0.0,-1,0,2020-04-02
Imperial,35.0,0.0,11,0,2020-04-03
Imperial,42.0,1.0,7,1,2020-04-04
Imperial,42.0,1.0,0,0,2020-04-05
Imperial,47.0,1.0,5,0,2020-04-06
Imperial,53.0,2.0,6,1,2020-04-07
Imperial,59.0,2.0,6,0,2020-04-08
Imperial,67.0,2.0,8,0,2020-04-09
Imperial,70.0,3.0,3,1,2020-04-10
Imperial,78.0,3.0,8,0,2020-04-11
Imperial,78.0,3.0,0,0,2020-04-12
Imperial,83.0,3.0,5,0,2020-04-13
Imperial,86.0,3.0,3,0,2020-04-14
Imperial,115.0,3.0,29,0,2020-04-15
Imperial,132.0,3.0,17,0,2020-04-16
Imperial,135.0,3.0,3,0,2020-04-17
Imperial,137.0,3.0,2,0,2020-04-18
Imperial,144.0,3.0,7,0,2020-04-19
Imperial,149.0,3.0,5,0,2020-04-20
Imperial,165.0,5.0,16,2,2020-04-21
Imperial,170.0,6.0,5,1,2020-04-22
Imperial,181.0,8.0,11,2,2020-04-23
Imperial,232.0,8.0,51,0,2020-04-24
Imperial,232.0,8.0,0,0,2020-04-25
Imperial,272.0,8.0,40,0,2020-04-26
Imperial,290.0,8.0,18,0,2020-04-27
Imperial,295.0,8.0,5,0,2020-04-28
Imperial,300.0,8.0,5,0,2020-04-29
Imperial,322.0,8.0,22,0,2020-04-30
Imperial,337.0,9.0,15,1,2020-05-01
Imperial,345.0,9.0,8,0,2020-05-02
Imperial,351.0,9.0,6,0,2020-05-03
Imperial,351.0,9.0,0,0,2020-05-04
Imperial,389.0,9.0,38,0,2020-05-05
Imperial,399.0,10.0,10,1,2020-05-06
Imperial,442.0,11.0,43,1,2020-05-07
Imperial,467.0,11.0,25,0,2020-05-08
Imperial,474.0,12.0,7,1,2020-05-09
Imperial,509.0,12.0,35,0,2020-05-10
Imperial,562.0,12.0,53,0,2020-05-11
Imperial,602.0,12.0,40,0,2020-05-12
Imperial,610.0,14.0,8,2,2020-05-13
Imperial,652.0,15.0,42,1,2020-05-14
Imperial,680.0,15.0,28,0,2020-05-15
Imperial,712.0,15.0,32,0,2020-05-16
Imperial,715.0,15.0,3,0,2020-05-17
Imperial,767.0,15.0,52,0,2020-05-18
Imperial,1012.0,18.0,245,3,2020-05-19
Imperial,1047.0,18.0,35,0,2020-05-20
Imperial,1096.0,21.0,49,3,2020-05-21
Imperial,1214.0,21.0,118,0,2020-05-22
Imperial,1283.0,23.0,69,2,2020-05-23
Imperial,1369.0,23.0,86,0,2020-05-24
Imperial,1369.0,23.0,0,0,2020-05-25
Imperial,1369.0,23.0,0,0,2020-05-26
Imperial,1369.0,24.0,0,1,2020-05-27
Imperial,1430.0,26.0,61,2,2020-05-28
Imperial,1607.0,26.0,177,0,2020-05-29
Imperial,2091.0,27.0,484,1,2020-05-30
Imperial,2197.0,27.0,106,0,2020-05-31
Imperial,2366.0,29.0,169,2,2020-06-01
Imperial,2459.0,29.0,93,0,2020-06-02
Imperial,2540.0,29.0,81,0,2020-06-03
Imperial,2631.0,30.0,91,1,2020-06-04
Imperial,2778.0,33.0,147,3,2020-06-05
Imperial,3047.0,33.0,269,0,2020-06-06
Imperial,3048.0,33.0,1,0,2020-06-07
Imperial,3051.0,38.0,3,5,2020-06-08
Imperial,3067.0,38.0,16,0,2020-06-09
Imperial,3454.0,41.0,387,3,2020-06-10
Imperial,3463.0,43.0,9,2,2020-06-11
Imperial,3543.0,43.0,80,0,2020-06-12
Imperial,3646.0,43.0,103,0,2020-06-13
Imperial,3730.0,43.0,84,0,2020-06-14
Imperial,3726.0,47.0,-4,4,2020-06-15
Imperial,3939.0,52.0,213,5,2020-06-16
Imperial,4108.0,54.0,169,2,2020-06-17
Imperial,4366.0,60.0,258,6,2020-06-18
Imperial,4504.0,64.0,138,4,2020-06-19
Imperial,4616.0,64.0,112,0,2020-06-20
Imperial,4701.0,64.0,85,0,2020-06-21
Imperial,4700.0,64.0,-1,0,2020-06-22
Imperial,5025.0,68.0,325,4,2020-06-23
Imperial,5138.0,70.0,113,2,2020-06-24
Imperial,5208.0,73.0,70,3,2020-06-25
Imperial,5432.0,73.0,224,0,2020-06-26
Imperial,5566.0,81.0,134,8,2020-06-27
Imperial,5674.0,81.0,108,0,2020-06-28
Imperial,5844.0,81.0,170,0,2020-06-29
Imperial,6086.0,93.0,242,12,2020-06-30
Imperial,6155.0,97.0,69,4,2020-07-01
Imperial,6236.0,100.0,81,3,2020-07-02
Imperial,6345.0,105.0,109,5,2020-07-03
Imperial,6441.0,114.0,96,9,2020-07-04
Imperial,6441.0,114.0,0,0,2020-07-05
Imperial,6443.0,117.0,2,3,2020-07-06
Imperial,6678.0,121.0,235,4,2020-07-07
Imperial,6727.0,125.0,49,4,2020-07-08
Imperial,6778.0,127.0,51,2,2020-07-09
Imperial,6878.0,132.0,100,5,2020-07-10
Imperial,6884.0,135.0,6,3,2020-07-11
Imperial,6999.0,135.0,115,0,2020-07-12
Imperial,7052.0,136.0,53,1,2020-07-13
Imperial,7095.0,141.0,43,5,2020-07-14
Imperial,7110.0,148.0,15,7,2020-07-15
Imperial,7148.0,148.0,38,0,2020-07-16
Imperial,7193.0,156.0,45,8,2020-07-17
Imperial,7268.0,161.0,75,5,2020-07-18
Imperial,7280.0,161.0,12,0,2020-07-19
Imperial,7337.0,163.0,57,2,2020-07-20
Imperial,7458.0,163.0,121,0,2020-07-21
Imperial,7533.0,165.0,75,2,2020-07-22
Imperial,7604.0,170.0,71,5,2020-07-23
Imperial,7686.0,173.0,82,3,2020-07-24
Imperial,7727.0,181.0,41,8,2020-07-25
Imperial,7781.0,181.0,54,0,2020-07-26
Imperial,7789.0,181.0,8,0,2020-07-27
Imperial,7804.0,188.0,15,7,2020-07-28
Imperial,7825.0,188.0,21,0,2020-07-29
Imperial,7849.0,200.0,24,12,2020-07-30
Imperial,7886.0,210.0,37,10,2020-07-31
Imperial,7919.0,220.0,33,10,2020-08-01
Imperial,7919.0,220.0,0,0,2020-08-02
Imperial,7953.0,222.0,34,2,2020-08-03
Imperial,7974.0,232.0,21,10,2020-08-04
Imperial,8036.0,234.0,62,2,2020-08-05
Imperial,8064.0,240.0,28,6,2020-08-06
Imperial,8085.0,242.0,21,2,2020-08-07
Imperial,8213.0,244.0,128,2,2020-08-08
Imperial,8310.0,244.0,97,0,2020-08-09
Imperial,8465.0,244.0,155,0,2020-08-10
Imperial,8518.0,244.0,53,0,2020-08-11
Imperial,8566.0,252.0,48,8,2020-08-12
Imperial,8640.0,257.0,74,5,2020-08-13
Imperial,8756.0,257.0,116,0,2020-08-14
Imperial,8794.0,257.0,38,0,2020-08-15
Imperial,8883.0,257.0,89,0,2020-08-16
Imperial,8897.0,257.0,14,0,2020-08-17
Imperial,8968.0,265.0,71,8,2020-08-18
Imperial,9041.0,265.0,73,0,2020-08-19
Imperial,9086.0,266.0,45,1,2020-08-20
Imperial,9166.0,269.0,80,3,2020-08-21
Imperial,9244.0,272.0,78,3,2020-08-22
Imperial,9243.0,272.0,-1,0,2020-08-23
Imperial,9323.0,272.0,80,0,2020-08-24
Imperial,9381.0,272.0,58,0,2020-08-25
Imperial,9453.0,283.0,72,11,2020-08-26
Imperial,9608.0,286.0,155,3,2020-08-27
Imperial,9656.0,287.0,48,1,2020-08-28
Imperial,9698.0,293.0,42,6,2020-08-29
Imperial,9703.0,293.0,5,0,2020-08-30
Imperial,9759.0,293.0,56,0,2020-08-31
Imperial,9782.0,294.0,23,1,2020-09-01
Imperial,9832.0,296.0,50,2,2020-09-02
Imperial,10083.0,296.0,251,0,2020-09-03
Imperial,10136.0,296.0,53,0,2020-09-04
Imperial,10151.0,296.0,15,0,2020-09-05
Imperial,10152.0,296.0,1,0,2020-09-06
Imperial,10199.0,296.0,47,0,2020-09-07
Imperial,10198.0,296.0,-1,0,2020-09-08
Imperial,10233.0,301.0,35,5,2020-09-09
Imperial,10251.0,303.0,18,2,2020-09-10
Imperial,10286.0,308.0,35,5,2020-09-11
Imperial,10305.0,308.0,19,0,2020-09-12
Imperial,10304.0,308.0,-1,0,2020-09-13
Imperial,10340.0,308.0,36,0,2020-09-14
Imperial,10376.0,309.0,36,1,2020-09-15
Imperial,10401.0,309.0,25,0,2020-09-16
Imperial,10436.0,310.0,35,1,2020-09-17
Imperial,10460.0,312.0,24,2,2020-09-18
Imperial,10496.0,314.0,36,2,2020-09-19
Imperial,10496.0,314.0,0,0,2020-09-20
Imperial,10521.0,314.0,25,0,2020-09-21
Imperial,10529.0,314.0,8,0,2020-09-22
Imperial,10587.0,317.0,58,3,2020-09-23
Imperial,10622.0,317.0,35,0,2020-09-24
Imperial,10681.0,317.0,59,0,2020-09-25
Imperial,10721.0,317.0,40,0,2020-09-26
Imperial,10743.0,317.0,22,0,2020-09-27
Imperial,10777.0,317.0,34,0,2020-09-28
Imperial,10811.0,317.0,34,0,2020-09-29
Imperial,10868.0,320.0,57,3,2020-09-30
Imperial,10928.0,323.0,60,3,2020-10-01
Imperial,11024.0,323.0,96,0,2020-10-02
Imperial,11090.0,326.0,66,3,2020-10-03
Imperial,11127.0,326.0,37,0,2020-10-04
Imperial,11169.0,326.0,42,0,2020-10-05
Imperial,11196.0,326.0,27,0,2020-10-06
Imperial,11289.0,327.0,93,1,2020-10-07
Imperial,11405.0,329.0,116,2,2020-10-08
Imperial,11516.0,329.0,111,0,2020-10-09
Imperial,11591.0,329.0,75,0,2020-10-10
Imperial,11614.0,329.0,23,0,2020-10-11
Imperial,11689.0,330.0,75,1,2020-10-12
Imperial,11727.0,330.0,38,0,2020-10-13
Imperial,11765.0,335.0,38,5,2020-10-14
Imperial,11820.0,335.0,55,0,2020-10-15
Imperial,11885.0,335.0,65,0,2020-10-16
Imperial,11962.0,335.0,77,0,2020-10-17
Imperial,11987.0,335.0,25,0,2020-10-18
Imperial,12036.0,335.0,49,0,2020-10-19
Imperial,12114.0,335.0,78,0,2020-10-20
Imperial,12210.0,336.0,96,1,2020-10-21
Imperial,12311.0,336.0,101,0,2020-10-22
Imperial,12398.0,336.0,87,0,2020-10-23
Imperial,12469.0,336.0,71,0,2020-10-24
Imperial,12572.0,336.0,103,0,2020-10-25
Imperial,12654.0,336.0,82,0,2020-10-26
Imperial,12680.0,336.0,26,0,2020-10-27
Imperial,12730.0,336.0,50,0,2020-10-28
Imperial,12769.0,338.0,39,2,2020-10-29
Imperial,12853.0,338.0,84,0,2020-10-30
Imperial,12912.0,338.0,59,0,2020-10-31
Imperial,12969.0,338.0,57,0,2020-11-01
Imperial,13004.0,338.0,35,0,2020-11-02
Imperial,13044.0,338.0,40,0,2020-11-03
Imperial,13087.0,338.0,43,0,2020-11-04
Imperial,13178.0,340.0,91,2,2020-11-05
Imperial,13230.0,341.0,52,1,2020-11-06
Imperial,13343.0,341.0,113,0,2020-11-07
Imperial,13428.0,341.0,85,0,2020-11-08
Imperial,13508.0,341.0,80,0,2020-11-09
Imperial,13570.0,341.0,62,0,2020-11-10
Imperial,13623.0,341.0,53,0,2020-11-11
Imperial,13619.0,343.0,-4,2,2020-11-12
Imperial,13790.0,348.0,171,5,2020-11-13
Imperial,13932.0,348.0,142,0,2020-11-14
Imperial,13940.0,348.0,8,0,2020-11-15
Imperial,14111.0,351.0,171,3,2020-11-16
Imperial,14204.0,351.0,93,0,2020-11-17
Imperial,14428.0,353.0,224,2,2020-11-18
Imperial,14507.0,353.0,79,0,2020-11-19
Imperial,14864.0,353.0,357,0,2020-11-20
Imperial,15053.0,353.0,189,0,2020-11-21
Imperial,15109.0,353.0,56,0,2020-11-22
Imperial,15104.0,355.0,-5,2,2020-11-23
Imperial,15600.0,355.0,496,0,2020-11-24
Imperial,15640.0,356.0,40,1,2020-11-25
Imperial,15722.0,356.0,82,0,2020-11-26
Imperial,15960.0,356.0,238,0,2020-11-27
Imperial,16019.0,356.0,59,0,2020-11-28
Imperial,16138.0,356.0,119,0,2020-11-29
Imperial,16212.0,356.0,74,0,2020-11-30
Imperial,16278.0,356.0,66,0,2020-12-01
Imperial,16360.0,356.0,82,0,2020-12-02
Imperial,16436.0,358.0,76,2,2020-12-03
Imperial,16484.0,360.0,48,2,2020-12-04
Imperial,16544.0,360.0,60,0,2020-12-05
Imperial,16922.0,360.0,378,0,2020-12-06
Imperial,17234.0,360.0,312,0,2020-12-07
Imperial,17568.0,360.0,334,0,2020-12-08
Imperial,17757.0,367.0,189,7,2020-12-09
Imperial,18333.0,371.0,576,4,2020-12-10
Imperial,18599.0,373.0,266,2,2020-12-11
Imperial,18947.0,373.0,348,0,2020-12-12
Imperial,19472.0,373.0,525,0,2020-12-13
Imperial,19608.0,376.0,136,3,2020-12-14
Yolo,4.0,0.0,4,0,2020-03-18
Yolo,5.0,0.0,1,0,2020-03-19
Yolo,5.0,0.0,0,0,2020-03-20
Yolo,6.0,0.0,1,0,2020-03-21
Yolo,6.0,0.0,0,0,2020-03-22
Yolo,8.0,0.0,2,0,2020-03-23
Yolo,8.0,0.0,0,0,2020-03-24
Yolo,9.0,1.0,1,1,2020-03-25
Yolo,13.0,1.0,4,0,2020-03-26
Yolo,13.0,1.0,0,0,2020-03-27
Yolo,13.0,1.0,0,0,2020-03-28
Yolo,13.0,1.0,0,0,2020-03-29
Yolo,17.0,1.0,4,0,2020-03-30
Yolo,21.0,1.0,4,0,2020-03-31
Yolo,22.0,1.0,1,0,2020-04-01
Yolo,29.0,1.0,7,0,2020-04-02
Yolo,33.0,1.0,4,0,2020-04-03
Yolo,40.0,2.0,7,1,2020-04-04
Yolo,37.0,2.0,-3,0,2020-04-05
Yolo,43.0,1.0,6,-1,2020-04-06
Yolo,51.0,2.0,8,1,2020-04-07
Yolo,56.0,3.0,5,1,2020-04-08
Yolo,59.0,3.0,3,0,2020-04-09
Yolo,62.0,2.0,3,-1,2020-04-10
Yolo,67.0,2.0,5,0,2020-04-11
Yolo,67.0,2.0,0,0,2020-04-12
Yolo,81.0,2.0,14,0,2020-04-13
Yolo,81.0,4.0,0,2,2020-04-14
Yolo,93.0,7.0,12,3,2020-04-15
Yolo,98.0,7.0,5,0,2020-04-16
Yolo,117.0,8.0,19,1,2020-04-17
Yolo,118.0,8.0,1,0,2020-04-18
Yolo,120.0,8.0,2,0,2020-04-19
Yolo,125.0,10.0,5,2,2020-04-20
Yolo,143.0,10.0,18,0,2020-04-21
Yolo,147.0,12.0,4,2,2020-04-22
Yolo,151.0,12.0,4,0,2020-04-23
Yolo,155.0,13.0,4,1,2020-04-24
Yolo,157.0,13.0,2,0,2020-04-25
Yolo,158.0,13.0,1,0,2020-04-26
Yolo,160.0,15.0,2,2,2020-04-27
Yolo,160.0,15.0,0,0,2020-04-28
Yolo,161.0,15.0,1,0,2020-04-29
Yolo,164.0,16.0,3,1,2020-04-30
Yolo,165.0,18.0,1,2,2020-05-01
Yolo,169.0,18.0,4,0,2020-05-02
Yolo,171.0,18.0,2,0,2020-05-03
Yolo,171.0,18.0,0,0,2020-05-04
Yolo,171.0,18.0,0,0,2020-05-05
Yolo,172.0,18.0,1,0,2020-05-06
Yolo,172.0,18.0,0,0,2020-05-07
Yolo,172.0,18.0,0,0,2020-05-08
Yolo,172.0,18.0,0,0,2020-05-09
Yolo,173.0,18.0,1,0,2020-05-10
Yolo,174.0,20.0,1,2,2020-05-11
Yolo,176.0,20.0,2,0,2020-05-12
Yolo,178.0,22.0,2,2,2020-05-13
Yolo,180.0,22.0,2,0,2020-05-14
Yolo,182.0,22.0,2,0,2020-05-15
Yolo,181.0,22.0,-1,0,2020-05-16
Yolo,182.0,22.0,1,0,2020-05-17
Yolo,183.0,22.0,1,0,2020-05-18
Yolo,183.0,22.0,0,0,2020-05-19
Yolo,184.0,22.0,1,0,2020-05-20
Yolo,185.0,22.0,1,0,2020-05-21
Yolo,187.0,22.0,2,0,2020-05-22
Yolo,188.0,22.0,1,0,2020-05-23
Yolo,192.0,22.0,4,0,2020-05-24
Yolo,197.0,22.0,5,0,2020-05-25
Yolo,198.0,22.0,1,0,2020-05-26
Yolo,204.0,22.0,6,0,2020-05-27
Yolo,206.0,23.0,2,1,2020-05-28
Yolo,211.0,24.0,5,1,2020-05-29
Yolo,210.0,24.0,-1,0,2020-05-30
Yolo,211.0,24.0,1,0,2020-05-31
Yolo,212.0,24.0,1,0,2020-06-01
Yolo,213.0,24.0,1,0,2020-06-02
Yolo,213.0,24.0,0,0,2020-06-03
Yolo,216.0,24.0,3,0,2020-06-04
Yolo,216.0,24.0,0,0,2020-06-05
Yolo,223.0,24.0,7,0,2020-06-06
Yolo,224.0,24.0,1,0,2020-06-07
Yolo,228.0,24.0,4,0,2020-06-08
Yolo,226.0,24.0,-2,0,2020-06-09
Yolo,226.0,24.0,0,0,2020-06-10
Yolo,230.0,24.0,4,0,2020-06-11
Yolo,243.0,24.0,13,0,2020-06-12
Yolo,251.0,24.0,8,0,2020-06-13
Yolo,254.0,24.0,3,0,2020-06-14
Yolo,255.0,24.0,1,0,2020-06-15
Yolo,262.0,24.0,7,0,2020-06-16
Yolo,277.0,24.0,15,0,2020-06-17
Yolo,294.0,24.0,17,0,2020-06-18
Yolo,303.0,24.0,9,0,2020-06-19
Yolo,309.0,24.0,6,0,2020-06-20
Yolo,323.0,24.0,14,0,2020-06-21
Yolo,333.0,24.0,10,0,2020-06-22
Yolo,350.0,24.0,17,0,2020-06-23
Yolo,376.0,24.0,26,0,2020-06-24
Yolo,397.0,24.0,21,0,2020-06-25
Yolo,419.0,24.0,22,0,2020-06-26
Yolo,435.0,24.0,16,0,2020-06-27
Yolo,479.0,24.0,44,0,2020-06-28
Yolo,506.0,24.0,27,0,2020-06-29
Yolo,522.0,24.0,16,0,2020-06-30
Yolo,528.0,24.0,6,0,2020-07-01
Yolo,554.0,24.0,26,0,2020-07-02
Yolo,586.0,24.0,32,0,2020-07-03
Yolo,615.0,25.0,29,1,2020-07-04
Yolo,644.0,26.0,29,1,2020-07-05
Yolo,685.0,26.0,41,0,2020-07-06
Yolo,706.0,26.0,21,0,2020-07-07
Yolo,727.0,26.0,21,0,2020-07-08
Yolo,764.0,28.0,37,2,2020-07-09
Yolo,794.0,28.0,30,0,2020-07-10
Yolo,833.0,28.0,39,0,2020-07-11
Yolo,889.0,28.0,56,0,2020-07-12
Yolo,941.0,28.0,52,0,2020-07-13
Yolo,966.0,29.0,25,1,2020-07-14
Yolo,1002.0,29.0,36,0,2020-07-15
Yolo,1034.0,30.0,32,1,2020-07-16
Yolo,1055.0,31.0,21,1,2020-07-17
Yolo,1077.0,31.0,22,0,2020-07-18
Yolo,1127.0,31.0,50,0,2020-07-19
Yolo,1155.0,34.0,28,3,2020-07-20
Yolo,1204.0,34.0,49,0,2020-07-21
Yolo,1233.0,35.0,29,1,2020-07-22
Yolo,1279.0,37.0,46,2,2020-07-23
Yolo,1329.0,37.0,50,0,2020-07-24
Yolo,1357.0,37.0,28,0,2020-07-25
Yolo,1408.0,37.0,51,0,2020-07-26
Yolo,1439.0,37.0,31,0,2020-07-27
Yolo,1459.0,39.0,20,2,2020-07-28
Yolo,1488.0,41.0,29,2,2020-07-29
Yolo,1511.0,41.0,23,0,2020-07-30
Yolo,1522.0,41.0,11,0,2020-07-31
Yolo,1557.0,42.0,35,1,2020-08-01
Yolo,1588.0,42.0,31,0,2020-08-02
Yolo,1598.0,42.0,10,0,2020-08-03
Yolo,1626.0,42.0,28,0,2020-08-04
Yolo,1634.0,42.0,8,0,2020-08-05
Yolo,1662.0,42.0,28,0,2020-08-06
Yolo,1689.0,43.0,27,1,2020-08-07
Yolo,1725.0,43.0,36,0,2020-08-08
Yolo,1765.0,44.0,40,1,2020-08-09
Yolo,1840.0,44.0,75,0,2020-08-10
Yolo,1912.0,45.0,72,1,2020-08-11
Yolo,1921.0,45.0,9,0,2020-08-12
Yolo,1938.0,45.0,17,0,2020-08-13
Yolo,1991.0,46.0,53,1,2020-08-14
Yolo,2031.0,46.0,40,0,2020-08-15
Yolo,2057.0,46.0,26,0,2020-08-16
Yolo,2083.0,46.0,26,0,2020-08-17
Yolo,2102.0,46.0,19,0,2020-08-18
Yolo,2126.0,47.0,24,1,2020-08-19
Yolo,2150.0,47.0,24,0,2020-08-20
Yolo,2164.0,47.0,14,0,2020-08-21
Yolo,2188.0,47.0,24,0,2020-08-22
Yolo,2210.0,47.0,22,0,2020-08-23
Yolo,2239.0,47.0,29,0,2020-08-24
Yolo,2254.0,49.0,15,2,2020-08-25
Yolo,2279.0,49.0,25,0,2020-08-26
Yolo,2293.0,51.0,14,2,2020-08-27
Yolo,2323.0,51.0,30,0,2020-08-28
Yolo,2357.0,51.0,34,0,2020-08-29
Yolo,2391.0,52.0,34,1,2020-08-30
Yolo,2423.0,52.0,32,0,2020-08-31
Yolo,2440.0,52.0,17,0,2020-09-01
Yolo,2449.0,52.0,9,0,2020-09-02
Yolo,2475.0,53.0,26,1,2020-09-03
Yolo,2495.0,53.0,20,0,2020-09-04
Yolo,2534.0,53.0,39,0,2020-09-05
Yolo,2556.0,53.0,22,0,2020-09-06
Yolo,2565.0,53.0,9,0,2020-09-07
Yolo,2580.0,53.0,15,0,2020-09-08
Yolo,2604.0,53.0,24,0,2020-09-09
Yolo,2612.0,53.0,8,0,2020-09-10
Yolo,2632.0,53.0,20,0,2020-09-11
Yolo,2646.0,53.0,14,0,2020-09-12
Yolo,2675.0,53.0,29,0,2020-09-13
Yolo,2687.0,53.0,12,0,2020-09-14
Yolo,2708.0,53.0,21,0,2020-09-15
Yolo,2709.0,53.0,1,0,2020-09-16
Yolo,2724.0,53.0,15,0,2020-09-17
Yolo,2732.0,53.0,8,0,2020-09-18
Yolo,2739.0,54.0,7,1,2020-09-19
Yolo,2745.0,54.0,6,0,2020-09-20
Yolo,2752.0,54.0,7,0,2020-09-21
Yolo,2763.0,54.0,11,0,2020-09-22
Yolo,2766.0,55.0,3,1,2020-09-23
Yolo,2776.0,55.0,10,0,2020-09-24
Yolo,2784.0,55.0,8,0,2020-09-25
Yolo,2789.0,55.0,5,0,2020-09-26
Yolo,2796.0,55.0,7,0,2020-09-27
Yolo,2809.0,55.0,13,0,2020-09-28
Yolo,2818.0,55.0,9,0,2020-09-29
Yolo,2822.0,55.0,4,0,2020-09-30
Yolo,2833.0,55.0,11,0,2020-10-01
Yolo,2845.0,55.0,12,0,2020-10-02
Yolo,2863.0,56.0,18,1,2020-10-03
Yolo,2875.0,56.0,12,0,2020-10-04
Yolo,2889.0,56.0,14,0,2020-10-05
Yolo,2899.0,56.0,10,0,2020-10-06
Yolo,2904.0,56.0,5,0,2020-10-07
Yolo,2914.0,56.0,10,0,2020-10-08
Yolo,2928.0,56.0,14,0,2020-10-09
Yolo,2939.0,56.0,11,0,2020-10-10
Yolo,2952.0,56.0,13,0,2020-10-11
Yolo,2964.0,56.0,12,0,2020-10-12
Yolo,2983.0,56.0,19,0,2020-10-13
Yolo,3007.0,56.0,24,0,2020-10-14
Yolo,3014.0,56.0,7,0,2020-10-15
Yolo,3030.0,56.0,16,0,2020-10-16
Yolo,3045.0,56.0,15,0,2020-10-17
Yolo,3059.0,56.0,14,0,2020-10-18
Yolo,3069.0,56.0,10,0,2020-10-19
Yolo,3083.0,56.0,14,0,2020-10-20
Yolo,3095.0,58.0,12,2,2020-10-21
Yolo,3116.0,58.0,21,0,2020-10-22
Yolo,3140.0,58.0,24,0,2020-10-23
Yolo,3164.0,58.0,24,0,2020-10-24
Yolo,3190.0,59.0,26,1,2020-10-25
Yolo,3206.0,59.0,16,0,2020-10-26
Yolo,3216.0,59.0,10,0,2020-10-27
Yolo,3230.0,60.0,14,1,2020-10-28
Yolo,3246.0,60.0,16,0,2020-10-29
Yolo,3263.0,60.0,17,0,2020-10-30
Yolo,3290.0,60.0,27,0,2020-10-31
Yolo,3303.0,60.0,13,0,2020-11-01
Yolo,3318.0,61.0,15,1,2020-11-02
Yolo,3343.0,61.0,25,0,2020-11-03
Yolo,3361.0,62.0,18,1,2020-11-04
Yolo,3391.0,62.0,30,0,2020-11-05
Yolo,3420.0,63.0,29,1,2020-11-06
Yolo,3463.0,63.0,43,0,2020-11-07
Yolo,3492.0,63.0,29,0,2020-11-08
Yolo,3522.0,63.0,30,0,2020-11-09
Yolo,3573.0,64.0,51,1,2020-11-10
Yolo,3606.0,64.0,33,0,2020-11-11
Yolo,3646.0,64.0,40,0,2020-11-12
Yolo,3716.0,66.0,70,2,2020-11-13
Yolo,3765.0,66.0,49,0,2020-11-14
Yolo,3819.0,66.0,54,0,2020-11-15
Yolo,3858.0,66.0,39,0,2020-11-16
Yolo,3887.0,70.0,29,4,2020-11-17
Yolo,3929.0,71.0,42,1,2020-11-18
Yolo,3973.0,72.0,44,1,2020-11-19
Yolo,4081.0,74.0,108,2,2020-11-20
Yolo,4147.0,75.0,66,1,2020-11-21
Yolo,4206.0,75.0,59,0,2020-11-22
Yolo,4265.0,74.0,59,-1,2020-11-23
Yolo,4420.0,74.0,155,0,2020-11-24
Yolo,4527.0,74.0,107,0,2020-11-25
Yolo,4566.0,74.0,39,0,2020-11-26
Yolo,4737.0,75.0,171,1,2020-11-27
Yolo,4739.0,75.0,2,0,2020-11-28
Yolo,4830.0,76.0,91,1,2020-11-29
Yolo,4894.0,77.0,64,1,2020-11-30
Yolo,4928.0,77.0,34,0,2020-12-01
Yolo,5053.0,81.0,125,4,2020-12-02
Yolo,5069.0,81.0,16,0,2020-12-03
Yolo,5294.0,81.0,225,0,2020-12-04
Yolo,5351.0,81.0,57,0,2020-12-05
Yolo,5465.0,84.0,114,3,2020-12-06
Yolo,5537.0,84.0,72,0,2020-12-07
Yolo,5560.0,84.0,23,0,2020-12-08
Yolo,5760.0,89.0,200,5,2020-12-09
Yolo,5896.0,88.0,136,-1,2020-12-10
Yolo,6006.0,89.0,110,1,2020-12-11
Yolo,6116.0,89.0,110,0,2020-12-12
Yolo,6265.0,89.0,149,0,2020-12-13
Yolo,6389.0,89.0,124,0,2020-12-14
